old idx [16, 203, 279, 492, 515, 541, 555, 639, 729]
new idx [75, 96, 203, 279, 492, 515, 541, 555, 681, 729]
EVD=[["03-12",-0.32,-0.79],["04-29",0.05,0.14],["05-17",0.62,-0.06],["07-07",-0.08,-0.02],["07-13",0.22,0.3],["07-19",1.93,0.64],["07-22",0.29,0.08],["08-11",-0.2,-0.19],["09-01",1.31,1.31]]
EVTS=["03-12", "04-29", "05-17", "07-07", "07-13", "07-19", "07-22", "08-11", "09-01"]
EVP=[4, 51, 70, 123, 129, 135, 139, 160, 182]
EVPnew=[19, 24, 51, 70, 123, 129, 135, 139, 170, 182]
meanRF_old=0.424 meanFIX_old=0.157 convRF=3 convFIX=4
PATH_OLD9=[-0.082, 0.014, 0.46, 0.294, 0.424, 0.168, 0.017]
PATH_NEW10=[-0.151, -0.031, 0.422, 0.475, 0.84, -0.143, 0.201]
L=["03-10","03-10","03-11","03-12","03-12","03-13","03-16","03-16","03-18","03-19","03-20","03-20","03-23","03-24","03-24","03-25","03-26","03-26","03-27","03-30","03-30","03-31","04-01","04-01","04-02","04-06","04-06","04-07","04-08","04-08","04-09","04-10","04-10","04-13","04-14","04-14","04-15","04-16","04-16","04-17","04-20","04-20","04-21","04-22","04-22","04-23","04-24","04-24","04-27","04-28","04-28","04-29","04-30","04-30","05-01","05-04","05-04","05-05","05-06","05-06","05-07","05-08","05-08","05-11","05-12","05-12","05-13","05-14","05-14","05-15","05-18","05-18","05-19","05-20","05-20","05-21","05-22","05-22","05-25","05-26","05-26","05-27","05-28","05-28","05-29","06-01","06-01","06-02","06-03","06-03","06-04","06-05","06-05","06-08","06-09","06-09","06-10","06-11","06-11","06-12","06-16","06-16","06-17","06-18","06-18","06-19","06-22","06-22","06-23","06-24","06-24","06-25","06-26","06-28","06-29","06-30","06-30","07-01","07-02","07-02","07-03","07-06","07-07","07-07","07-08","07-09","07-09","07-10","07-13","07-13","07-14","07-15","07-15","07-16","07-17","07-17","07-20","07-21","07-21","07-22","07-23","07-23","07-24","07-27","07-27","07-28","07-29","07-29","07-30","07-31","07-31","08-03","08-04","08-04","08-05","08-06","08-06","08-07","08-10","08-10","08-11","08-12","08-12","08-13","08-14","08-14","08-17","08-18","08-18","08-19","08-20","08-20","08-21","08-24","08-24","08-25","08-26","08-26","08-27","08-28","08-28","08-31","09-01","09-01","09-02","09-03","09-03","09-04","09-07","09-07","09-08","09-09","09-09"]
GAP=[17.4,14.3,12.06,15.8,16.71,16.17,18.19,16.08,17.29,15.89,14.39,18.15,13.01,13.01,11.39,11.14,12.97,13.69,16.72,20.12,24.4,23.48,25.51,25.37,35.95,36.89,36.41,38.96,22.54,19.61,23.57,22.29,18.91,22.91,17.89,14.15,12.75,13.3,14.85,11.05,11.94,11.91,11.47,11.22,13.54,13.81,15.38,14.41,14.43,15.77,16.85,19.74,22.84,19.93,17.26,17.29,17.21,15.61,15.25,15.09,11.96,13.77,12.54,12.93,13.37,14.48,16.06,15.33,15.78,16.58,17.7,18.34,17.68,13.71,12.04,11.78,10.84,10.53,8.38,8.57,9.65,8.02,8.44,6.15,6.03,6.75,8.47,8.43,9.73,9.86,8.34,8.52,7.41,6.82,6.14,5.57,5.44,5.97,4.59,4.96,3.74,2.35,2.5,2.23,2.83,2.46,3.42,1.59,1.25,1.11,0.77,1.04,0.71,0.8,0.81,0.76,0.52,0.15,0.03,0.09,0.2,0.02,0.06,0.72,0.95,0.82,0.49,0.5,0.54,1.0,2.29,1.98,1.61,1.58,1.63,2.18,2.27,2.02,2.81,3.27,3.65,5.56,4.83,3.44,2.27,2.37,2.65,2.5,2.91,2.61,3.44,1.98,2.29,1.35,1.17,1.12,1.23,1.23,1.0,1.08,1.14,1.38,1.02,0.89,0.89,0.91,0.83,0.83,0.85,0.93,1.45,1.94,0.0,0.0,0.0,0.0,0.0,0.0,0.0,0.0,0.0,0.0,0.0,0.0,0.0,0.0,0.0,0.0,0.0,0.0,0.0,0.0,0.0]
RF=[2.55,1.57,1.16,1.28,1.31,1.25,1.59,0.99,0.77,0.95,0.62,0.72,2.75,2.79,2.42,2.35,2.86,3.24,4.07,5.6,7.06,6.92,8.55,8.88,14.92,13.67,14.32,16.04,8.97,7.4,8.63,8.21,6.52,7.86,5.58,3.28,2.9,3.64,3.54,2.86,1.37,1.91,1.96,3.53,4.6,4.67,5.3,4.91,4.87,5.04,5.32,5.8,6.75,5.82,5.07,5.25,4.62,3.75,4.15,4.07,3.24,4.01,3.56,3.44,3.57,3.77,4.44,4.3,4.2,4.39,4.47,4.76,4.29,5.05,4.29,4.07,3.52,3.65,2.88,2.91,3.47,2.94,2.99,2.05,2.1,2.3,3.04,2.92,3.37,3.43,2.81,2.9,2.43,2.09,1.82,1.71,1.69,1.77,1.48,1.64,1.28,0.79,0.83,0.76,1.04,0.7,1.65,0.87,0.62,0.55,0.36,0.46,0.31,0.4,0.39,0.35,0.24,0.05,-0.01,0.02,0.05,-0.06,0.01,0.25,0.39,0.31,0.17,0.18,0.11,0.22,0.71,0.79,0.54,0.5,0.66,0.7,0.63,0.45,0.45,3.27,3.65,5.56,4.83,3.44,2.27,2.37,2.65,2.5,2.91,2.61,3.44,1.98,2.29,1.35,1.17,1.12,1.23,1.23,1.0,1.08,1.14,1.38,1.02,0.89,0.89,0.91,0.83,0.83,0.85,0.93,1.45,1.94,1.86,1.74,1.76,1.42,1.3,1.4,1.55,1.58,1.62,1.71,1.89,2.59,2.32,2.79,3.41,2.82,3.02,3.17,3.09,2.95,3.36]
FIX=[1.85,1.23,1.17,1.79,2.43,1.9,1.98,1.64,1.95,1.76,1.46,1.56,1.06,1.48,1.5,1.54,1.76,1.62,1.76,1.73,2.02,1.7,1.32,1.4,1.57,1.71,1.57,1.57,1.18,1.16,1.53,1.45,1.15,1.53,1.4,1.25,1.28,1.31,1.11,0.96,1.06,1.25,1.25,1.63,1.58,1.7,1.67,1.6,1.82,1.96,2.32,2.7,3.19,2.76,2.38,2.41,2.58,2.78,2.44,2.34,1.93,1.99,1.76,1.92,2.36,2.23,2.51,2.34,2.4,2.56,2.86,2.93,3.09,3.18,2.82,2.89,2.99,2.61,2.18,2.16,2.38,1.91,2.1,1.65,1.58,1.77,2.04,1.95,2.2,2.33,2.04,2.08,1.94,1.94,1.98,1.55,1.71,1.83,1.34,1.48,1.08,0.75,0.78,0.64,0.84,0.81,0.88,0.64,0.51,0.47,0.45,0.59,0.27,0.34,0.42,0.42,0.31,0.13,0.05,0.18,0.12,0.12,0.09,0.42,0.58,0.55,0.4,0.41,0.52,0.86,1.59,1.18,1.2,1.15,1.03,1.48,1.6,1.6,2.24,2.84,3.05,4.08,3.55,2.73,2.1,2.14,2.35,2.4,2.67,2.38,3.19,1.83,2.18,1.18,1.13,1.11,1.38,1.26,1.15,1.36,1.41,1.79,1.54,1.31,1.35,1.39,1.33,1.46,1.4,1.51,1.8,1.92,1.86,1.74,1.76,1.42,1.3,1.4,1.55,1.58,1.62,1.71,1.89,2.59,2.32,2.79,3.41,2.82,3.02,3.17,3.09,2.95,3.36]
MEANS={"gap_max": 39.0, "gap_p80": 15.6, "rf": 2.84, "fix": 1.71, "rfsd": 2.58, "fixsd": 0.78, "rfmax": 16.04, "fixmax": 4.19}
TBL=[["03-12",96.39,95.08,1.31,2.43,16.71],["04-29",103.56,97.71,5.85,2.45,18.96],["05-17",107.65,103.32,4.33,2.94,17.84],["07-07",72.2,71.95,0.25,0.42,0.72],["07-13",77.6,77.42,0.18,0.77,0.8],["07-19",84.43,83.7,0.73,1.78,2.54],["07-22",88.44,84.29,4.15,3.41,4.15],["08-11",84.23,82.98,1.25,1.69,1.25],["09-01",87.98,85.88,2.1,2.1,0.0]]
