LABELS=[03-10 02,03-10 10,03-10 17,03-11 02,03-11 10,03-11 17,03-12 02,03-12 10,03-12 17,03-13 02,03-13 10,03-13 17,03-16 02,03-16 10,03-16 17,03-18 10,03-18 17,03-19 02,03-19 10,03-19 17,03-20 02,03-20 10,03-20 17,03-23 02,03-23 10,03-23 17,03-24 02,03-24 10,03-24 17,03-25 02,03-25 10,03-25 17,03-26 02,03-26 10,03-26 17,03-27 02,03-27 10,03-27 17,03-30 02,03-30 10,03-30 17,03-31 02,03-31 10,03-31 17,04-01 02,04-01 10,04-01 17,04-02 02,04-02 10,04-02 17,04-06 02,04-06 10,04-06 17,04-07 02,04-07 10,04-07 17,04-08 02,04-08 10,04-08 17,04-09 02,04-09 10,04-09 17,04-10 02,04-10 10,04-10 17,04-13 02,04-13 10,04-13 17,04-14 02,04-14 10,04-14 17,04-15 02,04-15 10,04-15 17,04-16 02,04-16 10,04-16 17,04-17 02,04-17 10,04-17 17,04-20 02,04-20 10,04-20 17,04-21 02,04-21 10,04-21 17,04-22 02,04-22 10,04-22 17,04-23 02,04-23 10,04-23 17,04-24 02,04-24 10,04-24 17,04-27 02,04-27 10,04-27 17,04-28 02,04-28 10,04-28 17,04-29 02,04-29 10,04-29 17,04-30 02,04-30 10,04-30 17,05-01 02,05-01 10,05-01 17,05-04 02,05-04 10,05-04 17,05-05 02,05-05 10,05-05 17,05-06 02,05-06 10,05-06 17,05-07 02,05-07 10,05-07 17,05-08 02,05-08 10,05-08 17,05-11 02,05-11 10,05-11 17,05-12 02,05-12 10,05-12 17,05-13 02,05-13 10,05-13 17,05-14 02,05-14 10,05-14 17,05-15 02,05-15 10,05-15 17,05-18 02,05-18 10,05-18 17,05-19 02,05-19 10,05-19 17,05-20 02,05-20 10,05-20 17,05-21 02,05-21 10,05-21 17,05-22 02,05-22 10,05-22 17,05-25 02,05-25 10,05-25 14,05-26 02,05-26 10,05-26 17,05-27 02,05-27 10,05-27 17,05-28 02,05-28 10,05-28 17,05-29 02,05-29 10,05-29 17,06-01 02,06-01 10,06-01 17,06-02 02,06-02 10,06-02 17,06-03 02,06-03 10,06-03 17,06-04 02,06-04 10,06-04 17,06-05 02,06-05 10,06-05 17,06-08 02,06-08 10,06-08 17,06-09 02,06-09 10,06-09 17,06-10 02,06-10 10,06-10 17,06-11 02,06-11 10,06-11 17,06-12 02,06-12 10,06-12 17,06-16 02,06-16 10,06-16 17,06-17 02,06-17 10,06-17 17,06-18 02,06-18 10,06-18 17,06-19 02,06-19 10,06-21 22,06-22 06,06-22 14,06-22 22,06-23 06,06-23 14,06-23 22,06-24 06,06-24 14,06-24 22,06-25 06,06-25 14,06-25 22,06-26 06,06-26 14,06-28 22,06-29 06,06-29 14,06-29 22,06-30 06,06-30 14,06-30 22,07-01 06,07-01 14,07-01 22,07-02 06,07-02 14,07-02 22,07-03 06,07-03 13,07-06 02,07-06 10,07-06 17,07-07 02,07-07 10,07-07 17,07-08 02,07-08 10,07-08 17,07-09 02,07-09 10,07-09 17,07-10 02,07-10 10,07-10 17,07-13 02,07-13 10,07-13 17,07-14 02,07-14 10,07-14 17,07-15 02,07-15 10,07-15 17,07-16 02,07-16 10,07-16 17,07-17 02,07-17 10,07-17 17,07-20 02,07-20 10,07-20 17,07-21 02,07-21 10,07-21 17,07-22 02,07-22 10,07-22 17,07-23 02,07-23 10,07-23 17,07-24 02,07-24 10,07-24 17,07-27 02,07-27 10,07-27 17,07-28 02,07-28 10,07-28 17,07-29 02,07-29 10,07-29 17,07-30 02,07-30 10,07-30 17,07-31 02,07-31 10,07-31 17,08-03 02,08-03 10,08-03 17,08-04 02,08-04 10,08-04 17,08-05 02,08-05 10,08-05 17,08-06 02,08-06 10,08-06 17,08-07 02,08-07 10,08-07 17,08-10 02,08-10 10,08-10 17,08-11 02,08-11 10,08-11 17,08-12 02,08-12 10,08-12 17,08-13 02,08-13 10,08-13 17,08-14 02,08-14 10,08-14 17,08-17 02,08-17 10,08-17 17,08-18 02,08-18 10,08-18 17,08-19 02,08-19 10,08-19 17,08-20 02,08-20 10,08-20 17,08-21 02,08-21 10,08-21 17,08-24 02,08-24 10,08-24 17,08-25 02,08-25 10,08-25 17,08-26 02,08-26 10,08-26 17,08-27 02,08-27 10,08-27 17,08-28 02,08-28 10,08-28 17,08-31 02,08-31 10,08-31 17,09-01 02,09-01 10,09-01 17,09-02 02,09-02 10,09-02 17,09-03 02,09-03 10,09-03 17,09-04 02,09-04 10,09-04 17,09-07 02,09-07 10,09-07 14,09-08 02,09-08 10,09-08 17,09-09 02,09-09 10,09-09 17]
PRICE=[71.65,72.28,72.09,72.05,72.0,75.3,77.27,77.64,79.68,78.92,78.26,79.89,80.26,77.5,78.14,81.24,82.53,81.87,81.13,80.25,79.67,80.89,80.66,81.75,76.13,76.85,78.57,79.27,77.0,77.42,77.55,78.54,79.37,79.5,80.1,79.83,81.04,80.85,80.73,80.77,80.61,79.57,78.99,75.33,75.77,73.53,73.54,77.13,75.08,75.12,74.85,75.0,76.2,76.92,77.26,76.08,73.22,73.98,76.89,76.77,77.07,76.57,76.33,76.57,76.72,79.28,78.81,79.08,79.46,78.92,77.92,78.04,78.3,78.29,78.26,78.84,78.34,77.77,73.56,74.92,76.97,76.62,75.89,76.01,77.28,78.27,77.54,78.71,79.33,79.56,80.18,81.42,80.56,80.19,80.47,81.41,81.28,81.54,82.43,82.85,82.77,82.98,85.22,85.65,86.53,84.32,85.48,85.55,83.59,84.5,83.66,86.02,87.93,87.65,86.45,86.9,85.04,81.58,81.12,81.14,79.2,82.93,81.65,81.41,82.14,85.36,83.69,85.57,85.83,87.85,87.57,86.57,86.81,85.73,86.13,85.45,86.24,87.23,87.7,88.34,89.65,87.97,88.91,89.65,90.07,90.28,90.13,89.51,87.04,87.47,88.75,87.24,87.54,87.47,86.47,82.2,83.01,82.49,83.32,84.95,83.92,82.66,81.78,81.81,83.14,83.29,82.38,82.05,81.66,81.61,83.0,85.3,84.0,83.18,83.85,84.57,85.83,85.72,86.34,85.89,84.02,84.3,84.42,83.28,82.84,86.56,84.24,84.73,84.0,82.53,83.13,82.79,84.35,85.89,84.63,84.16,81.83,81.43,82.06,79.69,76.74,75.15,74.27,74.17,74.7,73.43,72.57,71.81,73.73,74.28,74.24,73.85,73.58,71.97,72.33,72.13,71.79,71.39,70.88,69.49,68.57,68.74,70.74,70.39,68.37,68.61,69.2,69.79,70.1,69.6,70.26,69.19,69.26,68.49,68.14,67.64,67.48,68.29,68.81,68.49,68.58,68.68,68.69,68.58,69.29,69.73,71.48,72.02,72.8,73.87,72.24,71.95,71.32,71.61,71.09,71.23,74.16,73.32,77.0,77.72,77.64,77.96,77.75,78.23,78.63,77.87,78.49,77.94,77.41,79.85,80.29,81.99,80.07,80.81,80.48,82.3,82.18,82.5,83.69,83.37,84.65,87.01,86.8,86.25,85.1,85.88,81.14,81.02,79.64,79.83,79.08,77.05,79.59,81.73,82.1,82.38,80.85,81.15,79.08,82.15,83.36,77.58,77.15,77.73,78.61,74.49,73.79,73.77,74.33,73.9,73.75,75.01,77.0,76.88,76.11,76.1,76.83,79.73,81.22,81.4,80.48,82.01,82.65,81.4,81.56,82.02,79.77,80.39,81.09,80.27,81.49,81.07,81.8,84.1,84.3,84.56,84.42,84.77,84.54,84.4,84.55,86.49,86.21,86.17,86.46,86.64,85.56,85.39,84.98,84.47,82.43,81.11,80.76,81.5,81.91,81.43,82.84,83.54,83.12,82.51,83.44,85.65,85.99,86.31,86.44,88.36,90.68,90.78,89.08,90.63,89.95,91.79,91.67,91.41,89.02,91.22,92.88,92.58,92.7,93.6,93.34,94.25,93.84,95.73,96.67]
SP2=[1.08,1.58,2.01,1.27,1.84,2.53,3.2,3.51,3.21,2.74,2.79,3.32,3.28,2.95,2.67,2.64,2.92,2.54,2.57,2.32,2.21,2.41,2.22,2.1,1.54,1.63,1.95,2.09,2.27,1.3,1.67,2.09,2.84,2.17,2.55,2.05,2.63,2.65,2.37,2.52,2.62,2.55,2.27,1.89,2.04,1.83,1.52,2.24,1.82,1.72,2.14,1.77,1.87,2.3,1.86,1.53,1.47,1.56,1.6,1.96,1.77,1.68,1.66,1.55,1.62,2.11,1.93,2.0,2.15,1.98,1.85,1.89,1.82,1.59,1.44,1.8,1.71,1.61,1.19,1.67,1.81,1.72,1.33,1.5,1.83,2.41,1.95,2.36,2.28,2.41,2.46,2.63,2.32,2.49,2.37,2.43,2.53,2.72,2.75,3.15,3.17,3.42,3.85,4.34,3.92,3.81,3.82,3.26,3.32,3.79,3.05,3.64,3.84,3.93,4.0,3.73,3.55,3.21,3.26,3.46,3.0,3.44,2.96,2.94,2.84,3.33,3.17,3.17,2.86,3.61,3.72,3.35,3.58,3.23,3.24,3.39,3.46,3.61,3.77,4.04,4.27,3.88,4.25,4.4,4.44,4.56,4.61,4.34,4.14,4.0,4.22,4.35,4.56,3.95,3.99,3.29,3.25,3.1,3.3,3.49,3.45,3.22,2.86,2.87,3.06,2.98,2.77,2.65,2.53,2.43,2.72,3.32,3.01,2.99,2.95,2.93,3.11,3.15,3.28,3.23,3.04,3.05,3.13,3.02,2.77,3.4,2.89,2.79,2.47,2.5,2.53,2.49,2.61,3.0,2.72,2.65,2.28,2.23,2.32,2.11,1.94,1.39,1.31,1.22,1.41,1.26,1.22,1.16,1.37,1.53,1.5,1.45,1.42,1.09,1.21,1.12,1.14,0.82,0.97,0.87,0.71,0.91,1.11,0.96,0.91,0.74,0.82,0.86,0.89,0.84,0.87,0.67,0.66,0.5,0.43,0.13,0.31,0.34,0.37,0.44,0.27,0.35,0.38,0.13,0.31,0.46,0.67,0.85,1.0,1.05,0.85,0.77,0.75,0.77,0.78,0.58,1.08,0.9,1.63,2.13,2.32,1.97,1.88,1.77,2.03,1.89,1.93,1.75,1.68,2.09,2.4,2.74,2.47,2.64,2.66,3.15,3.23,3.44,3.72,3.65,4.02,4.48,4.71,4.56,4.1,4.1,3.21,3.06,2.83,2.9,2.87,2.48,3.23,3.56,3.5,3.7,3.52,3.58,3.22,3.75,3.94,2.69,2.65,2.88,3.02,2.1,1.83,1.9,1.9,1.98,1.93,2.17,2.63,2.59,2.41,2.32,2.34,2.57,2.85,2.85,2.96,3.2,3.44,3.21,3.09,3.23,2.71,2.9,2.92,2.83,3.1,2.97,3.0,3.27,3.24,3.22,3.02,3.02,3.26,3.37,3.42,3.96,3.96,3.98,3.93,4.04,3.96,3.92,3.76,3.62,3.19,2.87,2.88,2.92,3.04,2.88,3.43,3.77,3.73,3.54,3.56,3.85,4.0,4.13,4.35,4.93,5.61,5.66,5.05,5.64,5.73,6.33,6.18,6.18,5.31,5.75,6.05,5.89,5.95,6.14,6.03,6.13,6.04,6.64,6.74]
EVPOS=[8, 102, 140, 246, 258, 270, 278, 320, 364]
EVTS=[[8, '03-12', '17:00'], [102, '04-29', '06:00'], [140, '05-17', '22:00'], [246, '07-07', '17:00'], [258, '07-13', '14:00'], [270, '07-19', '22:00'], [278, '07-22', '06:00'], [320, '08-11', '06:00'], [364, '09-01', '06:00']]
EVPRICE=[79.68, 84.6, 89.81, 71.48, 76.8, 81.89, 84.29, 82.98, 87.98]
EVSP=[3.21, 3.5, 4.34, 0.67, 1.48, 2.7, 4.08, 3.48, 4.55]
EVDP=[-1.54, 1.22, 0.0, -0.16, 0.82, 1.06, 0.28, -2.16, 4.36]
EVDS=[-0.54, -0.02, 0.29, 0.08, 0.32, 0.73, -0.08, -0.48, 2.1]
PATH1=[-0.098,-0.064,0.023,0.07,0.146,0.11,0.171,0.181,0.256,0.189,0.206,0.157,0.21,0.248,0.184,0.118,0.098,0.053,0.001,0.058,0.134,0.101,0.147,0.173]
PATH2=[-0.01,-0.007,0.17,0.181,0.236,0.169,0.161,0.317,0.312,0.282,0.162,0.267,0.21,0.217,0.234,0.117,0.047,0.001,0.017,0.099,0.122,0.167,0.274,0.21]
PATH3=[-0.108,-0.071,0.193,0.251,0.381,0.279,0.332,0.498,0.568,0.471,0.368,0.423,0.42,0.464,0.419,0.234,0.144,0.054,0.018,0.157,0.257,0.268,0.421,0.383]
BASE={"3": {"pb": 48.4, "pc": 60.0}, "6": {"pb": 45.5, "pc": 48.6}, "12": {"pb": 47.6, "pc": 51.4}, "24": {"pb": 49.1, "pc": 28.6}}
