 1850 -3.269  0.470 -1.471 -1.414 -1.117  0.102  0.259  0.501 -0.529 -1.470 -0.457 -0.197 -0.716
 1850      6      6      6      6      6      6      6      6      6      6      6      6
 1851  0.054 -0.508 -1.506 -0.768 -0.407 -0.253 -0.328  0.076  0.153  0.209 -0.733 -0.502 -0.376
 1851      7      7      7      7      7      7      6      6      6      6      7      7
 1852 -0.248 -0.625 -1.395 -2.050 -0.091 -0.030  0.012 -0.086 -0.255 -0.614 -0.794  1.052 -0.427
 1852      6      6      6      6      6      6      6      6      6      6      6      6
 1853  0.834 -0.934 -1.656 -1.282 -0.384  0.010  0.326  0.373 -0.617 -0.160 -0.951 -1.755 -0.516
 1853      7      7      7      6      7      7      7      7      7      7      7      7
 1854 -1.319 -0.493 -0.247 -0.998  0.263 -0.491  0.655  0.372  0.090  0.579 -0.819  0.419 -0.166
 1854      7      6      6      6      6      6      6      6      6      6      6      6
 1855 -0.494 -2.094 -1.244  0.237  0.094 -0.143  0.218 -0.029 -0.533 -0.134 -0.915 -2.609 -0.637
 1855      7      7      7      7      7      7      7      7      7      7      7      7
 1856 -0.107 -0.858 -2.064 -0.412 -0.616  0.358 -0.176 -0.488 -0.900 -0.810 -2.011 -0.368 -0.704
 1856      7      7      7      7      7      7      7      7      7      6      7      7
 1857 -1.382 -0.230 -0.973 -1.879 -1.077 -0.388 -0.287  0.135 -0.511 -0.400 -1.068  0.681 -0.615
 1857      7      7      6      7      7      7      7      7      7      7      7      7
 1858 -0.167 -2.070 -1.149 -0.376 -0.319  0.536  0.301 -0.282 -0.077  0.268 -2.390 -0.248 -0.498
 1858      7      7      7      7      7      7      7      7      7      7      7      7
 1859  0.138  0.638  0.142 -0.244  0.183  0.062  0.446  0.169 -0.360 -0.317 -0.218 -1.572 -0.078
 1859      7      7      7      7      7      7      7      7      7      7      7      7
 1860  0.091 -1.407 -2.186 -0.495 -0.065  0.045 -0.279 -0.143 -0.287 -0.564 -1.668 -2.537 -0.791
 1860      7      7      7      7      7      7      7      7      7      7      7      7
 1861 -2.766  0.269  0.012 -1.252 -1.156  0.123  0.178  0.250 -0.367 -0.275 -0.679 -0.353 -0.501
 1861      7      7      6      7      7      6      6      6      6      6      6      6
 1862 -1.805 -1.968 -0.729 -0.259 -0.120 -0.499 -0.388 -0.557 -0.274 -0.458 -1.488 -1.678 -0.852
 1862      6      6      6      6      6      6      6      6      6      6      6      6
 1863  1.938  0.753 -0.132 -0.274  0.128 -0.447 -0.471  0.080 -0.022 -0.506 -0.031 -0.376  0.053
 1863      6      6      6      6      6      6      6      6      6      6      6      6
 1864 -1.724 -0.460 -0.246 -0.749 -0.895  0.521 -0.030 -0.345 -0.550 -1.700 -1.913 -1.894 -0.832
 1864      7      7      7      7      7      7      7      6      7      7      7      7
 1865  0.321 -1.841 -2.109 -0.398 -0.002 -0.355  0.308 -0.316  0.475 -0.537  0.145 -0.561 -0.406
 1865      7      7      7      7      7      7      7      7      7      7      7      7
 1866  1.025 -0.626 -1.103 -0.162 -1.212  0.238  0.162 -0.541  0.071 -1.061 -0.635 -0.360 -0.350
 1866      8      8      8      8      8      8      8      8      8      8      7      7
 1867 -0.882  0.878 -2.485 -0.666 -1.792 -0.348 -0.404 -0.097 -0.101 -0.227 -0.901 -1.512 -0.711
 1867      8      8      8      7      7      8      7      7      8      8      8      8
 1868 -1.323 -0.819 -0.180 -0.756  0.302  0.250  0.819  0.335 -0.371 -0.305 -1.434 -0.078 -0.297
 1868      8      8      8      8      8      8      8      8      8      8      8      8
 1869 -0.044  1.574 -1.505 -0.377 -0.399 -0.489  0.027  0.280  0.074 -1.040 -0.845 -0.584 -0.277
 1869      8      8      8      8      8      8      8      8      8      8      8      8
 1870  0.208 -1.791 -1.307 -0.448  0.313  0.203  0.461 -0.428 -0.314 -0.714  0.092 -2.466 -0.516
 1870      8      8      8      8      8      8      8      8      8      8      9      9
 1871 -1.681 -1.785  0.307 -0.160 -0.943 -0.520  0.144  0.197 -0.739 -0.605 -1.648 -1.938 -0.781
 1871      9      9      9      9      9      9      9      9      9      9      9      9
 1872 -0.282 -0.738 -0.820  0.314  0.434  0.032  0.123  0.114 -0.027 -0.148 -0.668 -1.018 -0.224
 1872     10     10     10     10     10     10     10     10     10     10     10     10
 1873  0.130 -0.652 -0.466 -1.176 -0.836  0.145  0.239  0.140 -0.597 -0.569 -0.839  0.065 -0.368
 1873     10     10     11     10     10     10     10     10     10     10     10     10
 1874  0.684 -0.240 -1.014 -0.696 -0.624 -0.070  0.081 -0.213  0.199  0.015 -0.761 -0.414 -0.255
 1874     11     11     11     10     10     10     10     10     10     11     11     11
 1875 -1.555 -1.974 -1.832 -1.215 -0.095  0.250 -0.132 -0.177 -0.638 -0.964 -1.564 -1.092 -0.916
 1875     12     12     12     12     12     12     13     12     13     13     13     13
 1876 -0.247 -0.167 -0.780 -0.244 -0.899  0.375  0.265  0.148 -0.284 -0.517 -1.526 -2.082 -0.497
 1876     12     12     12     12     12     12     12     12     12     13     13     13
 1877 -0.387 -0.067 -0.976 -0.954 -0.868  0.147  0.256  0.325 -0.258 -0.652  0.201  0.466 -0.231
 1877     13     13     13     13     13     13     12     13     13     13     13     13
 1878 -0.331  0.979  1.004  0.596 -0.301  0.449  0.154  0.302  0.352  0.269 -0.150 -1.068  0.188
 1878     14     14     14     14     14     13     14     14     14     14     14     14
 1879 -0.548 -0.297 -0.312 -0.452 -0.359 -0.320 -0.251 -0.227 -0.291  0.089 -1.179 -1.681 -0.486
 1879     14     14     14     14     14     14     14     14     14     14     14     14
 1880  0.273 -0.339 -0.614 -0.314 -0.074 -0.232 -0.181 -0.055 -0.128 -1.022 -1.490 -0.947 -0.427
 1880     14     14     14     14     14     14     14     14     15     15     15     15
 1881 -1.396 -0.749 -0.897 -0.536 -0.009 -0.454  0.057  0.094 -0.073 -0.741 -0.739  0.024 -0.452
 1881     15     15     15     15     15     15     15     15     15     16     15     15
 1882  1.008  0.414  0.308 -0.628 -0.698 -0.467 -0.322 -0.009 -0.157 -0.569 -1.035 -1.107 -0.272
 1882     16     16     16     16     16     16     16     16     16     16     16     16
 1883 -1.337 -1.058 -1.372 -0.683 -0.498  0.016 -0.176 -0.298 -0.317 -0.395 -0.624 -0.363 -0.592
 1883     16     16     16     16     17     16     16     17     17     17     17     16
 1884 -0.535 -0.360 -0.990 -1.158 -0.838 -0.694 -0.546 -0.664 -0.503 -0.542 -1.341 -0.673 -0.737
 1884     17     17     17     17     17     17     17     17     17     17     17     17
 1885 -1.561 -0.843 -0.930 -0.720 -0.999 -0.572 -0.137 -0.669 -0.550 -0.845 -0.749 -0.059 -0.719
 1885     17     17     17     17     17     17     17     17     17     17     17     17
 1886 -1.245 -1.441 -1.200 -0.337 -0.276 -0.462 -0.129 -0.209 -0.168 -0.306 -0.637 -0.240 -0.554
 1886     18     18     18     18     18     18     18     18     18     18     18     18
 1887 -1.126 -0.844 -0.665 -0.692 -0.040 -0.379 -0.100 -0.560 -0.056 -0.991 -0.541 -0.701 -0.558
 1887     18     18     18     19     18     18     19     19     19     19     19     19
 1888 -1.456 -1.222 -1.586 -0.245 -0.566 -0.398 -0.338 -0.449 -0.295 -0.435 -0.730 -0.577 -0.692
 1888     19     19     19     19     19     19     19     19     19     19     19     19
 1889 -0.750 -0.709 -0.480  0.092  0.231  0.055 -0.135 -0.142 -0.471 -0.390 -0.931 -0.050 -0.307
 1889     19     19     19     19     19     19     19     20     20     20     20     20
 1890 -0.119 -0.295 -0.544 -0.092 -0.381 -0.239 -0.117 -0.151 -0.128 -0.439 -0.822 -0.731 -0.338
 1890     20     20     20     20     20     20     21     21     21     21     21     21
 1891 -0.961 -0.960 -0.779 -0.695 -0.459 -0.385 -0.256 -0.280  0.069 -0.424 -1.252  0.456 -0.494
 1891     21     21     21     21     21     21     21     21     21     21     21     21
 1892 -0.832 -0.089 -1.293 -0.793 -0.595 -0.153 -0.316 -0.259  0.044 -0.328 -1.070 -1.637 -0.610
 1892     21     21     21     21     21     21     21     21     22     21     21     21
 1893 -2.733 -1.910 -0.709 -0.628 -0.804 -0.217 -0.081 -0.193 -0.223 -0.107 -0.547 -0.330 -0.707
 1893     21     21     22     21     21     21     22     22     22     22     22     22
 1894 -0.752 -0.206 -0.036 -0.233 -0.199 -0.333 -0.085 -0.112 -0.441 -0.372 -0.610 -0.443 -0.318
 1894     22     22     22     22     22     22     22     22     22     22     22     22
 1895 -1.307 -1.844 -0.821 -0.255 -0.255 -0.309 -0.332 -0.290  0.101 -0.367 -0.393 -0.373 -0.537
 1895     22     22     22     22     22     22     22     23     22     23     23     23
 1896 -0.405 -0.332 -1.049 -0.862 -0.121  0.147 -0.024 -0.158 -0.158 -0.000 -1.220 -0.315 -0.375
 1896     23     22     22     22     22     22     22     23     23     23     23     23
 1897 -0.650 -0.409 -1.019 -0.198  0.228 -0.098  0.129  0.100  0.298 -0.091 -0.736 -0.903 -0.279
 1897     23     23     23     23     23     23     23     23     23     24     24     24
 1898  0.501 -0.504 -1.800 -0.713 -0.329 -0.172 -0.136  0.080 -0.011 -0.529 -0.367 -0.032 -0.334
 1898     23     24     24     24     24     24     24     24     24     24     24     24
 1899  0.246 -0.937 -1.121 -0.283 -0.350 -0.451 -0.077 -0.097  0.117  0.103  0.650 -1.007 -0.267
 1899     24     24     24     24     24     24     24     24     24     24     24     24
 1900 -0.647 -0.762 -0.530 -0.471 -0.136 -0.050 -0.190  0.048 -0.103  0.550 -0.333  0.389 -0.186
 1900     24     24     24     24     24     24     24     24     24     24     24     24
 1901 -0.142 -0.688  0.077  0.182 -0.115  0.194  0.304  0.145 -0.215 -0.120 -0.518 -0.596 -0.124
 1901     25     25     25     24     25     24     24     25     25     25     24     25
 1902  0.364  0.004 -0.314 -0.723 -0.623 -0.436 -0.498 -0.243 -0.436 -0.569 -0.893 -1.113 -0.457
 1902     25     25     25     25     25     25     25     26     26     26     25     26
 1903 -0.000  0.328 -0.243 -0.511 -0.584 -0.609 -0.520 -0.434 -0.396 -0.491 -0.682 -0.768 -0.409
 1903     26     26     26     26     26     26     26     26     26     26     26     26
 1904 -0.811 -0.516 -0.939 -0.738 -0.442 -0.498 -0.560 -0.342 -0.519 -0.224 -0.199 -0.378 -0.514
 1904     26     26     26     26     26     26     26     26     26     26     26     26
 1905 -0.565 -1.571 -0.645 -0.918 -0.374 -0.131 -0.102 -0.125  0.036 -0.347  0.215  0.127 -0.367
 1905     27     27     27     27     28     28     27     27     27     27     27     27
 1906  0.070 -0.698 -0.641  0.140  0.025  0.063 -0.112 -0.045 -0.140 -0.079 -0.429  0.115 -0.144
 1906     27     27     27     28     27     28     27     28     27     27     28     28
 1907 -0.620 -1.002 -0.588 -1.038 -1.015 -0.727 -0.408 -0.462 -0.278  0.027 -0.850 -0.491 -0.621
 1907     28     28     28     28     28     28     28     28     28     28     28     28
 1908 -0.162 -0.318 -1.064 -0.533 -0.344 -0.211 -0.306 -0.409 -0.082 -0.418 -0.911 -0.449 -0.434
 1908     27     28     28     28     28     28     28     28     28     28     28     28
 1909 -0.691 -0.531 -1.018 -0.873 -0.703 -0.409 -0.351 -0.004  0.085  0.028  0.280 -0.534 -0.393
 1909     28     28     29     29     29     29     29     29     29     28     28     28
 1910  0.131 -0.322 -0.095 -0.176 -0.321 -0.348 -0.116 -0.251 -0.290 -0.196 -0.797 -0.716 -0.291
 1910     28     28     28     29     29     28     29     29     29     28     28     28
 1911 -0.619 -0.996 -0.913 -0.690 -0.318 -0.122 -0.133 -0.069 -0.027 -0.316 -0.176 -0.013 -0.366
 1911     29     29     29     29     29     29     29     29     29     29     29     29
 1912 -0.669 -0.076 -0.805 -0.525 -0.246 -0.028 -0.571 -0.795 -0.870 -1.120 -0.706 -0.346 -0.563
 1912     29     29     29     29     29     29     29     29     29     29     29     29
 1913 -0.202 -0.892 -0.643 -0.279 -0.754 -0.621 -0.532 -0.115 -0.240 -0.420  0.329  0.437 -0.328
 1913     29     29     29     29     29     29     29     29     29     29     29     29
 1914  0.771  0.246 -0.177 -0.505 -0.100 -0.177 -0.106 -0.142 -0.215 -0.043 -0.492 -0.449 -0.116
 1914     29     29     29     29     29     29     29     29     29     29     29     29
 1915  0.056  0.281 -0.916  0.045 -0.261 -0.157 -0.140 -0.153 -0.157 -0.273 -0.009 -0.003 -0.141
 1915     28     28     28     28     29     28     28     29     29     28     28     29
 1916  0.194 -0.123 -0.965 -0.390 -0.483 -0.542 -0.014 -0.173 -0.487 -0.349 -0.277 -1.032 -0.387
 1916     29     29     29     29     29     29     29     29     29     29     29     29
 1917 -0.685 -1.408 -1.473 -0.724 -1.136 -0.357 -0.092 -0.053 -0.038 -0.618 -0.173 -1.599 -0.696
 1917     29     29     29     29     30     30     30     30     30     30     30     30
 1918 -0.803 -0.474 -0.440 -0.705 -0.772 -0.521 -0.233 -0.283 -0.148  0.346 -0.320 -0.497 -0.404
 1918     29     30     30     30     29     29     29     29     29     29     29     29
 1919 -0.148 -0.339 -0.765 -0.250 -0.625 -0.219 -0.158 -0.023  0.158 -0.217 -1.040 -0.858 -0.374
 1919     29     29     29     29     28     28     28     28     28     28     28     28
 1920  0.004 -0.563  0.099 -0.305 -0.048 -0.210  0.039 -0.030 -0.000 -0.340 -0.723 -0.690 -0.231
 1920     28     28     29     28     29     28     29     28     29     29     28     28
 1921  0.735 -0.046  0.202  0.190  0.017  0.128  0.152 -0.144 -0.136 -0.040 -0.756 -0.030  0.023
 1921     29     30     29     29     29     29     29     29     30     29     30     30
 1922 -0.685 -0.602 -0.321 -0.187  0.049  0.031 -0.147 -0.072 -0.154 -0.202 -0.217 -0.150 -0.221
 1922     30     30     30     30     30     30     30     30     30     31     30     30
 1923  0.224 -0.944 -0.535 -1.030 -0.412 -0.319 -0.195 -0.252  0.018  0.274  0.400  0.377 -0.200
 1923     31     31     31     31     31     31     31     31     32     32     32     31
 1924 -0.498 -0.473 -0.563 -0.527 -0.271 -0.117 -0.174 -0.042  0.030 -0.000  0.088 -0.540 -0.257
 1924     32     32     32     32     32     32     32     32     32     32     33     33
 1925 -0.118  0.078 -0.230 -0.064 -0.232 -0.215 -0.145  0.072  0.147 -0.408 -0.015  0.221 -0.076
 1925     32     33     32     33     33     33     33     33     33     33     33     33
 1926  0.650  0.504 -0.002 -0.509 -0.292 -0.163 -0.235 -0.025  0.031 -0.079  0.176 -0.468 -0.034
 1926     33     33     33     33     33     33     33     33     33     33     33     33
 1927 -0.353 -0.118 -0.545 -0.428 -0.338 -0.096  0.207  0.012  0.220  0.439 -0.034 -1.029 -0.172
 1927     33     33     33     33     34     33     33     33     33     33     34     34
 1928  0.337  0.024 -0.747 -0.548 -0.134 -0.498 -0.007 -0.145 -0.072 -0.023  0.089  0.008 -0.143
 1928     34     34     34     33     34     33     33     34     34     34     34     34
 1929 -1.006 -2.020 -0.448 -0.718 -0.226 -0.376 -0.238  0.003 -0.148  0.134  0.076 -0.931 -0.492
 1929     34     34     34     34     34     34     34     34     35     35     35     35
 1930 -0.404 -0.149  0.072 -0.110 -0.280 -0.154  0.134  0.374 -0.051 -0.007  0.268 -0.066 -0.031
 1930     34     34     34     35     35     35     34     34     34     34     34     34
 1931  0.109 -0.735 -0.379 -0.390 -0.257  0.175  0.278  0.284  0.213  0.424  0.187  0.156  0.005
 1931     35     35     34     35     35     35     35     35     35     35     35     35
 1932  1.130 -0.635 -0.966  0.039 -0.205 -0.118 -0.071  0.198  0.248  0.201 -0.457 -0.127 -0.064
 1932     35     35     35     35     35     35     35     36     35     35     35     35
 1933 -0.702 -0.887 -0.882 -0.453 -0.319 -0.265  0.223  0.109  0.011 -0.071 -0.285 -0.936 -0.372
 1933     36     36     36     37     37     37     37     37     36     37     37     37
 1934 -0.043  0.514 -0.607 -0.393  0.315 -0.010  0.030  0.009 -0.134  0.257  0.508  0.330  0.065
 1934     37     37     37     37     37     37     37     37     36     37     37     37
 1935 -0.563  1.142 -0.079 -0.559 -0.527 -0.108  0.060  0.139  0.060  0.390 -0.752 -0.488 -0.107
 1935     37     37     37     37     37     37     37     37     37     37     37     37
 1936 -0.447 -1.216 -0.556 -0.366 -0.080  0.119  0.317  0.139  0.124  0.133  0.177  0.463 -0.099
 1936     38     38     38     38     38     38     38     38     38     38     39     39
 1937 -0.144  0.306 -0.967 -0.280  0.101  0.211  0.229  0.378  0.481  0.531  0.086 -0.461  0.039
 1937     39     39     39     39     39     39     39     39     39     39     39     38
 1938  0.316  0.307  0.412  0.495 -0.046 -0.093  0.163  0.422  0.409  0.580  0.527 -0.608  0.240
 1938     40     40     40     39     40     40     40     40     40     40     40     40
 1939  0.115  0.201 -0.592 -0.150 -0.028  0.088  0.173  0.315  0.077 -0.205  0.234  1.249  0.123
 1939     40     40     40     40     40     40     40     40     40     40     40     40
 1940 -1.112 -0.102 -0.305  0.168 -0.144  0.060  0.125  0.004  0.199  0.030  0.077  0.297 -0.059
 1940     40     40     40     40     40     40     40     40     40     40     40     40
 1941 -0.129  0.225 -0.420 -0.109 -0.015  0.167  0.194  0.095 -0.107  0.291 -0.296 -0.283 -0.032
 1941     42     42     42     42     42     42     42     41     41     41     41     41
 1942 -0.051 -0.705 -0.438 -0.166 -0.144  0.154 -0.011 -0.145  0.108  0.283  0.124  0.119 -0.073
 1942     42     42     42     42     41     41     41     42     41     42     42     41
 1943 -0.582  0.466 -0.344  0.298  0.267 -0.182  0.047  0.142  0.160  0.511  0.127  0.485  0.116
 1943     42     42     42     41     42     42     41     42     42     42     42     42
 1944  1.012  0.503  0.102 -0.147  0.158  0.004  0.063  0.133  0.403  0.399 -0.164 -0.694  0.148
 1944     41     41     41     41     41     41     41     41     41     41     41     41
 1945 -0.485 -0.719 -0.329  0.255 -0.195 -0.083 -0.137  0.362  0.204  0.214 -0.098 -0.892 -0.158
 1945     41     41     41     41     41     41     41     41     41     42     42     42
 1946  0.338  0.238 -0.321  0.446 -0.180 -0.135  0.015  0.035  0.091 -0.059  0.057 -0.821 -0.025
 1946     43     43     43     43     43     43     44     43     43     44     44     44
 1947 -0.516 -0.580  0.058  0.304 -0.050 -0.091 -0.013  0.150  0.239  0.721  0.180 -0.212  0.016
 1947     44     44     44     44     44     44     44     44     44     44     44     44
 1948  0.726 -0.057 -0.371  0.134  0.292  0.170 -0.031  0.123  0.093  0.227  0.183 -0.273  0.101
 1948     45     44     45     44     44     44     44     44     44     45     45     45
 1949  0.606 -0.234 -0.419  0.063  0.053 -0.192 -0.216  0.052 -0.009  0.302  0.067 -0.424 -0.029
 1949     45     45     45     45     45     45     45     45     45     45     45     45
 1950 -0.691 -0.441 -0.213 -0.328 -0.097 -0.091 -0.299 -0.250 -0.085 -0.024 -0.775 -0.318 -0.301
 1950     47     47     47     47     46     46     46     47     47     47     47     47
 1951 -0.583 -0.972 -0.651  0.061  0.052 -0.125 -0.011  0.285  0.344  0.277 -0.021  0.678 -0.055
 1951     50     50     50     50     50     49     50     51     51     51     51     51
 1952  0.282  0.031 -0.688  0.037 -0.020  0.140  0.212  0.101  0.183 -0.166 -0.639 -0.277 -0.067
 1952     51     51     51     51     51     51     51     51     51     51     51     51
 1953  0.299  0.361  0.251  0.327  0.167  0.313  0.251  0.258  0.170  0.374 -0.194  0.353  0.244
 1953     51     51     51     51     51     51     51     51     51     51     52     52
 1954 -0.654 -0.236 -0.497 -0.189 -0.272  0.022 -0.109  0.001  0.117  0.196  0.454 -0.230 -0.117
 1954     52     52     52     52     52     52     53     52     52     52     52     52
 1955  0.628 -0.141 -0.976 -0.379 -0.099 -0.040 -0.046  0.131  0.017  0.126 -0.454 -0.484 -0.143
 1955     52     53     53     53     53     53     53     53     53     53     52     53
 1956 -0.222 -0.867 -0.694 -0.564 -0.383 -0.231 -0.338 -0.389 -0.395 -0.336 -0.542 -0.397 -0.446
 1956     53     53     53     53     53     53     53     53     53     53     53     53
 1957 -0.267 -0.227 -0.621 -0.234 -0.244  0.026 -0.065  0.066  0.127 -0.124  0.102  0.412 -0.087
 1957     53     53     53     53     53     53     53     53     53     53     53     53
 1958  0.659  0.265 -0.190 -0.107 -0.029 -0.115 -0.113  0.063 -0.036 -0.007  0.044  0.117  0.046
 1958     53     53     53     53     53     53     53     53     54     54     54     54
 1959  0.229  0.126  0.261  0.134 -0.068  0.140 -0.017  0.089  0.123 -0.168 -0.291  0.008  0.047
 1959     54     54     54     54     54     54     54     54     54     54     54     54
 1960  0.033  0.609 -0.885 -0.335 -0.168  0.207 -0.012  0.058  0.091 -0.034 -0.213  0.487 -0.013
 1960     54     54     54     54     54     54     54     54     54     54     54     54
 1961  0.144  0.432  0.174  0.127  0.080  0.173 -0.007  0.000 -0.034 -0.220 -0.002 -0.250  0.051
 1961     55     55     55     55     55     55     55     55     55     55     55     55
 1962  0.326  0.446  0.011  0.166  0.018 -0.294  0.046 -0.034 -0.075  0.194  0.027  0.103  0.078
 1962     55     55     55     55     56     55     55     55     55     55     55     55
 1963  0.012  0.603 -0.396 -0.211 -0.169 -0.146  0.065  0.085  0.181  0.571  0.519 -0.132  0.082
 1963     56     55     56     56     56     56     55     55     56     55     55     55
 1964 -0.051 -0.381 -0.706 -0.448 -0.121 -0.169 -0.160 -0.284 -0.317 -0.338 -0.234 -0.357 -0.297
 1964     55     55     55     55     55     55     55     55     55     55     55     55
 1965  0.037 -0.691 -0.266 -0.507 -0.271 -0.259 -0.262 -0.332 -0.309 -0.011 -0.278 -0.156 -0.275
 1965     55     55     56     55     56     56     56     55     56     56     56     56
 1966 -0.312 -0.054 -0.181 -0.396 -0.214  0.008  0.039  0.187  0.090 -0.113 -0.182 -0.396 -0.127
 1966     55     55     56     56     56     56     56     56     56     56     56     56
 1967 -0.389 -0.541  0.024 -0.124  0.128 -0.199 -0.039 -0.032 -0.130  0.439  0.069 -0.099 -0.074
 1967     56     56     56     56     56     56     56     56     56     56     56     56
 1968 -0.461 -0.289  0.623 -0.099 -0.170 -0.281 -0.282 -0.237 -0.130 -0.140 -0.367 -0.526 -0.197
 1968     55     56     55     56     56     56     55     56     56     56     56     56
 1969 -1.008 -1.142 -0.521 -0.110 -0.099 -0.169 -0.037 -0.053 -0.067 -0.058  0.185  0.347 -0.228
 1969     56     56     56     56     56     56     56     56     56     56     56     56
 1970 -0.136  0.344 -0.422 -0.066 -0.113  0.004 -0.030 -0.052 -0.049 -0.307 -0.062 -0.414 -0.109
 1970     56     56     56     56     56     56     56     56     56     56     56     56
 1971 -0.004 -0.469 -0.629 -0.380 -0.224 -0.248 -0.226 -0.180 -0.042 -0.064  0.162  0.019 -0.191
 1971     55     55     55     55     55     56     55     55     55     55     55     55
 1972 -1.002 -0.831 -0.239 -0.182 -0.338 -0.146 -0.127 -0.107 -0.428 -0.118 -0.452 -0.147 -0.343
 1972     55     55     55     55     55     55     55     55     55     55     55     55
 1973  0.024  0.653  0.366  0.242  0.136  0.203  0.073  0.061 -0.077 -0.054 -0.123  0.020  0.127
 1973     55     55     55     55     55     55     55     55     55     55     55     55
 1974 -0.479 -0.682 -0.122 -0.064 -0.242 -0.152 -0.114 -0.112 -0.169 -0.397 -0.344 -0.364 -0.270
 1974     55     55     55     55     55     55     55     55     54     54     55     55
 1975  0.349  0.079  0.157  0.152  0.015 -0.008 -0.032 -0.066  0.071 -0.081 -0.309 -0.287  0.003
 1975     55     55     55     55     55     55     55     55     55     55     54     54
 1976  0.161 -0.269 -0.868 -0.034 -0.294 -0.290 -0.366 -0.261 -0.142 -0.850 -0.601 -0.507 -0.360
 1976     54     55     55     55     55     55     54     54     54     54     54     54
 1977 -0.648  0.107  0.382  0.376  0.247  0.297  0.057 -0.069  0.103 -0.179  0.528  0.018  0.102
 1977     54     54     54     54     54     54     54     54     54     54     54     54
 1978  0.088 -0.142  0.135  0.031 -0.116 -0.209 -0.225 -0.283 -0.066 -0.031  0.266 -0.141 -0.058
 1978     54     54     54     54     54     54     54     54     54     54     54     54
 1979 -0.237 -0.472 -0.028 -0.420 -0.076  0.093  0.000 -0.069  0.119  0.246  0.112  0.809  0.007
 1979     54     54     54     54     54     54     54     54     54     53     53     54
 1980  0.030  0.258 -0.364  0.108  0.198  0.190  0.079  0.020  0.048  0.116  0.356  0.057  0.091
 1980     54     54     54     54     54     54     54     54     54     54     54     54
 1981  1.053  0.865  0.799  0.469  0.069  0.255  0.104  0.275  0.112  0.137  0.243  0.621  0.417
 1981     53     54     53     53     53     53     53     54     53     53     53     53
 1982 -0.435  0.115 -0.359  0.074 -0.052 -0.126  0.076 -0.083  0.146 -0.072 -0.310  0.457 -0.047
 1982     52     53     53     53     53     53     53     53     53     53     53     53
 1983  0.834  0.395  0.319  0.060 -0.014  0.073  0.346  0.403  0.402  0.202  0.762  0.109  0.324
 1983     52     53     53     53     53     53     53     53     53     53     53     53
 1984  0.283 -0.174  0.063 -0.129  0.265  0.100  0.033  0.095 -0.203  0.029 -0.276 -0.768 -0.057
 1984     53     53     53     53     53     53     53     53     53     53     53     53
 1985 -0.106 -0.498 -0.251 -0.033  0.066 -0.056 -0.202  0.060 -0.077  0.049 -0.128  0.034 -0.095
 1985     53     53     53     53     53     53     53     53     53     53     53     53
 1986  0.583  0.236  0.207  0.232  0.144  0.134 -0.076  0.006 -0.139  0.010 -0.083 -0.026  0.102
 1986     53     53     53     54     53     53     53     53     53     53     54     53
 1987  0.111  0.870 -0.279 -0.003  0.182  0.127  0.339  0.242  0.414  0.187 -0.092  0.628  0.227
 1987     53     53     53     53     53     53     53     53     53     53     53     53
 1988  0.731  0.275  0.319  0.360  0.434  0.508  0.477  0.316  0.352  0.296  0.081  0.681  0.402
 1988     53     53     53     53     53     53     53     53     53     53     53     53
 1989  0.195  0.611  0.579  0.311  0.241  0.197  0.310  0.267  0.258  0.351  0.025  0.389  0.311
 1989     53     53     53     53     53     53     53     53     52     53     53     53
 1990  0.474  0.715  1.604  0.757  0.438  0.576  0.297  0.466  0.356  0.514  0.596  0.421  0.601
 1990     52     53     53     52     53     52     52     52     52     52     52     52
 1991  0.651  0.645  0.267  0.694  0.273  0.566  0.516  0.436  0.417  0.441  0.367  0.149  0.452
 1991     52     51     51     51     51     51     50     51     51     51     51     51
 1992  0.948  0.723  0.426 -0.035  0.046 -0.114 -0.301 -0.126 -0.329 -0.287 -0.212  0.309  0.087
 1992     51     51     51     51     51     51     51     51     52     51     51     51
 1993  0.590  0.738  0.424  0.102  0.195  0.218  0.065  0.064 -0.139  0.103 -0.576  0.338  0.177
 1993     51     51     51     52     52     51     52     52     51     51     51     51
 1994  0.400 -0.251  0.487  0.574  0.381  0.491  0.398  0.392  0.340  0.627  0.623  0.370  0.403
 1994     52     52     52     51     51     51     51     51     52     52     52     52
 1995  1.104  1.728  0.630  0.658  0.434  0.664  0.414  0.689  0.474  0.877  0.652  0.227  0.713
 1995     52     51     52     52     52     52     51     52     51     51     52     52
 1996  0.253  0.605  0.081 -0.075  0.339  0.267  0.356  0.136  0.021  0.054  0.251  0.488  0.231
 1996     51     51     51     51     52     51     51     50     51     51     51     51
 1997  0.562  0.822  0.790  0.464  0.420  0.579  0.397  0.571  0.498  0.691  0.510  0.550  0.571
 1997     51     52     51     51     51     51     51     51     51     51     51     51
 1998  0.699  1.557  0.684  1.132  0.832  0.922  0.997  0.946  0.820  0.716  0.319  1.084  0.892
 1998     51     52     52     51     51     52     52     52     52     52     52     51
 1999  0.931  1.564  0.128  0.769  0.430  0.475  0.518  0.478  0.661  0.647  0.631  1.098  0.694
 1999     51     51     52     51     51     51     51     51     51     51     51     52
 2000  0.468  1.314  1.078  1.251  0.751  0.500  0.556  0.626  0.403  0.274  0.068  0.253  0.629
 2000     52     51     51     52     51     52     51     52     52     51     52     51
 2001  0.801  0.539  1.026  0.846  0.970  0.585  0.777  0.898  0.622  0.784  1.364  0.734  0.829
 2001     50     50     50     50     49     50     49     50     50     50     50     50
 2002  1.577  1.917  1.471  0.643  0.518  0.803  0.931  0.649  0.760  0.400  0.800  0.216  0.890
 2002     49     50     50     50     49     50     49     49     50     50     51     50
 2003  1.211  0.662  0.626  0.695  0.911  0.606  0.721  1.064  0.851  1.184  0.767  1.319  0.885
 2003     50     50     50     50     50     50     50     49     50     51     50     50
 2004  0.834  1.407  1.166  0.781  0.511  0.476  0.500  0.536  0.650  0.771  1.294  0.432  0.780
 2004     50     50     51     50     50     50     50     49     50     49     50     51
 2005  1.051  0.481  1.002  1.179  0.825  0.914  0.899  0.746  1.179  1.284  1.446  0.928  0.995
 2005     50     50     50     50     50     50     50     50     50     49     50     50
 2006  0.599  1.171  0.933  0.728  0.850  1.103  0.835  0.882  0.908  1.158  1.049  1.654  0.989
 2006     48     50     50     50     50     50     50     49     50     49     50     49
 2007  2.158  1.154  1.167  1.318  0.952  0.839  0.836  1.013  0.821  1.096  0.981  1.072  1.117
 2007     50     50     50     50     50     51     50     50     50     50     49     50
 2008  0.285  0.589  1.682  0.848  0.733  0.753  0.736  0.701  0.592  1.089  1.221  0.795  0.835
 2008     50     50     50     50     50     50     49     50     50     50     50     50
 2009  0.951  1.035  0.699  0.933  0.658  0.720  0.657  0.745  1.119  0.861  0.826  0.502  0.809
 2009     49     49     49     49     49     49     50     49     48     49     48     49
 2010  0.904  0.995  1.272  1.251  1.085  1.133  1.174  1.172  0.890  1.167  1.703  0.605  1.113
 2010     49     49     50     49     49     49     49     50     50     50     50     50
 2011  0.498  0.526  0.810  1.193  0.795  1.019  0.949  0.917  1.014  1.252  0.768  1.141  0.907
 2011     49     50     48     49     49     49     49     49     49     48     48     48
 2012  0.667  0.452  0.823  1.453  1.315  1.274  1.122  0.997  1.004  1.011  1.024  0.138  0.940
 2012     48     49     48     49     49     50     49     49     50     49     49     50
 2013  0.987  1.204  0.839  0.694  0.954  0.987  0.758  0.909  0.780  0.989  1.396  0.968  0.955
 2013     49     48     50     49     49     50     50     49     50     49     50     49
 2014  1.153  0.599  1.346  1.342  1.007  0.969  0.826  0.969  0.823  0.993  0.737  1.369  1.011
 2014     48     49     49     49     49     48     49     48     49     48     49     48
 2015  1.574  1.470  1.531  1.121  1.213  1.185  0.911  1.079  1.263  1.311  1.482  2.159  1.358
 2015     49     48     48     48     49     49     49     49     48     49     49     48
 2016  1.680  2.590  2.385  1.938  1.286  1.356  1.189  1.395  1.471  0.980  0.882  1.272  1.535
 2016     48     48     48     48     48     48     48     48     49     48     48     48
 2017  1.686  2.043  1.851  1.411  1.025  1.090  1.100  1.160  1.133  1.123  1.136  1.493  1.354
 2017     46     47     48     47     48     47     47     47     47     47     48     48
 2018  1.207  1.178  1.384  1.080  1.121  1.093  1.235  1.054  1.008  1.178  0.800  1.153  1.124
 2018     47     47     48     47     46     47     47     46     46     47     47     46
 2019  1.455  1.334  1.896  1.502  0.999  1.336  1.040  1.127  1.356  1.387  1.051  1.806  1.357
 2019     45     45     45     44     44     45     47     47     47     46     46     45
 2020  2.377  2.608  2.212  1.354  1.394  1.221  1.127  1.211  1.313  1.191  1.830  1.297  1.595
 2020     46     45     46     44     45     45     45     46     45     45     45     44
 2021  1.418  1.175  1.564  1.243  1.223  1.549  1.373  1.209  1.121  1.468  1.454  1.332  1.344
 2021     45     44     45     44     45     45     46     45     45     45     46     45
 2022  1.503  1.416  1.625  1.334  1.123  1.423  1.277  1.420  1.311  1.559  1.234  0.990  1.351
 2022     45     45     45     44     46     45     45     46     45     46     45     45
 2023  1.741  1.758  2.040  1.028  1.244  1.431  1.670  1.779  1.997  2.240  2.214  2.152  1.774
 2023     44     44     45     43     44     45     44     44     43     43     43     43
 2024  1.858  2.275  2.062  2.330  1.508  1.771  1.656  1.652  1.748  1.891  2.237  2.131  1.927
 2024     43     43     42     42     41     41     40     41     39     40     34     36
 2025  2.364  1.636  2.194  2.111  1.366  1.436  1.489  1.386  1.576  1.360  1.891  1.649  1.705
 2025     40     41     35     35     35     35     35     34     34     34     34     33
 2026  1.254  2.065  1.875  1.518  1.449  1.786  1.820 -9.999 -9.999 -9.999 -9.999 -9.999  1.681
 2026     34     34     32     35     34     33     35      0      0      0      0      0
