 1850 -0.440 -0.505 -0.666 -0.494 -0.408 -0.484 -0.247 -0.424 -0.440 -0.304  0.011 -0.272 -0.389
 1850     45     38     31     33     31     33     36     40     35     38     47     49
 1851 -0.344 -0.425 -0.279 -0.383 -0.272 -0.313 -0.126 -0.185 -0.257 -0.063  0.053 -0.239 -0.236
 1851     52     49     45     42     41     44     38     48     31     36     31     37
 1852 -0.385 -0.458 -0.432 -0.438 -0.211 -0.134  0.023 -0.222  0.022 -0.264 -0.025 -0.046 -0.214
 1852     44     46     43     38     43     44     43     49     38     38     41     51
 1853 -0.405 -0.379 -0.051 -0.304 -0.358 -0.293 -0.223 -0.197 -0.296 -0.394 -0.212 -0.302 -0.284
 1853     51     50     46     50     46     49     50     56     58     61     55     59
 1854 -0.294 -0.293 -0.388 -0.343 -0.377 -0.239 -0.416 -0.519 -0.302 -0.348 -0.529 -0.733 -0.398
 1854     64     60     60     55     60     54     61     63     55     60     58     55
 1855 -0.309 -0.248 -0.325 -0.489 -0.523 -0.480 -0.439 -0.240 -0.204 -0.262 -0.319 -0.211 -0.337
 1855     52     63     58     53     61     56     63     67     60     54     62     54
 1856 -0.166 -0.286 -0.202 -0.380 -0.340 -0.326 -0.167 -0.194 -0.403 -0.386 -0.404 -0.345 -0.300
 1856     55     61     72     68     60     56     63     70     59     67     71     59
 1857 -0.309 -0.439 -0.482 -0.538 -0.574 -0.393 -0.554 -0.509 -0.414 -0.434 -0.596 -0.414 -0.471
 1857     64     66     63     70     71     67     70     62     60     71     60     60
 1858 -0.459 -0.340 -0.515 -0.539 -0.664 -0.461 -0.420 -0.209 -0.179 -0.394 -0.310 -0.424 -0.410
 1858     65     65     66     68     67     57     63     63     71     65     55     59
 1859 -0.418 -0.357 -0.354 -0.220 -0.277 -0.355 -0.341 -0.334 -0.391 -0.210 -0.317 -0.067 -0.303
 1859     61     62     67     64     61     71     60     69     60     59     58     59
 1860 -0.198 -0.288 -0.300 -0.269 -0.438 -0.309 -0.262 -0.197 -0.242 -0.413 -0.380 -0.466 -0.313
 1860     63     52     60     61     69     52     51     51     43     53     55     48
 1861 -0.443 -0.584 -0.431 -0.219 -0.802 -0.394 -0.640 -0.193 -0.289 -0.534 -0.467 -0.383 -0.448
 1861     46     52     44     35     30     36     40     37     40     39     43     48
 1862 -0.529 -0.427 -0.226 -0.240 -0.135 -0.188 -0.342 -0.607 -0.381 -0.376 -0.425 -0.506 -0.365
 1862     46     47     41     42     52     52     47     46     53     52     49     42
 1863 -0.335 -0.233 -0.371 -0.254 -0.569 -0.442 -0.366 -0.406 -0.483 -0.359 -0.427 -0.350 -0.383
 1863     47     42     40     42     48     49     41     41     38     36     36     37
 1864 -0.735 -0.596 -0.491 -0.522 -0.317 -0.403 -0.388 -0.635 -0.507 -0.511 -0.208 -0.277 -0.466
 1864     40     42     37     36     44     44     44     45     38     37     38     43
 1865 -0.341 -0.176 -0.267 -0.162 -0.497 -0.324 -0.261 -0.217 -0.318 -0.319 -0.413 -0.271 -0.297
 1865     37     40     38     37     39     40     35     43     36     36     37     39
 1866 -0.163 -0.273 -0.499 -0.376 -0.390 -0.157 -0.098 -0.315 -0.396 -0.252 -0.329 -0.469 -0.310
 1866     38     35     32     34     36     37     38     36     34     33     37     41
 1867 -0.317 -0.388 -0.288 -0.244 -0.295 -0.333 -0.356 -0.484 -0.168 -0.122 -0.237 -0.475 -0.309
 1867     31     36     44     36     36     37     42     38     40     38     43     37
 1868 -0.556 -0.378 -0.154 -0.436 -0.333 -0.519 -0.435 -0.258 -0.283 -0.214 -0.184 -0.323 -0.339
 1868     43     43     45     40     45     43     51     54     63     53     59     55
 1869 -0.332 -0.106 -0.441 -0.281 -0.436 -0.571 -0.662 -0.380 -0.298 -0.357 -0.270 -0.393 -0.377
 1869     50     49     48     48     48     43     39     49     65     64     62     58
 1870 -0.191 -0.295 -0.439 -0.268 -0.501 -0.401 -0.215 -0.333 -0.318 -0.475 -0.321 -0.282 -0.337
 1870     63     62     61     53     55     59     62     53     54     48     54     55
 1871 -0.268 -0.225 -0.100 -0.278 -0.269 -0.323 -0.126 -0.512 -0.383 -0.499 -0.173 -0.317 -0.289
 1871     58     48     56     70     59     56     53     62     57     47     63     60
 1872 -0.366 -0.374 -0.448 -0.327 -0.244 -0.360 -0.243 -0.182 -0.317 -0.208 -0.083 -0.334 -0.290
 1872     64     55     55     62     62     58     56     63     63     65     57     69
 1873 -0.032 -0.160 -0.238 -0.266 -0.241 -0.337 -0.225 -0.276 -0.380 -0.460 -0.431 -0.518 -0.297
 1873     62     59     65     58     58     59     64     69     54     67     69     63
 1874 -0.285 -0.456 -0.503 -0.479 -0.585 -0.821 -0.152 -0.424 -0.339 -0.563 -0.415 -0.336 -0.446
 1874     62     63     67     68     57     55     59     57     64     67     63     58
 1875 -0.225 -0.169 -0.386 -0.171 -0.180 -0.435 -0.297 -0.244 -0.152 -0.243 -0.180 -0.446 -0.261
 1875     56     67     60     54     59     60     72     63     63     61     62     63
 1876 -0.390 -0.283 -0.302 -0.385 -0.460 -0.548 -0.402 -0.447 -0.584 -0.317 -0.483 -0.277 -0.407
 1876     59     61     62     52     62     68     63     59     47     62     62     65
 1877 -0.294 -0.040  0.005 -0.219 -0.509 -0.293 -0.115  0.060  0.064  0.196 -0.010  0.054 -0.092
 1877     61     58     64     57     57     60     57     68     69     56     59     66
 1878  0.199  0.192  0.158  0.134 -0.147 -0.350 -0.242 -0.196 -0.160 -0.153 -0.179 -0.279 -0.085
 1878     66     67     56     62     61     55     59     70     65     60     65     68
 1879 -0.259 -0.256 -0.251 -0.306 -0.362 -0.231 -0.303 -0.209 -0.218 -0.289 -0.194 -0.253 -0.261
 1879     66     66     73     68     70     74     72     75     70     71     71     70
 1880 -0.303 -0.250 -0.020 -0.202 -0.342 -0.452 -0.314 -0.025 -0.262 -0.353 -0.206 -0.142 -0.239
 1880     74     75     70     64     61     71     70     73     71     69     71     74
 1881 -0.180 -0.118 -0.105 -0.073 -0.088 -0.409 -0.194 -0.190 -0.309 -0.112 -0.144 -0.115 -0.170
 1881     72     72     73     72     64     64     70     71     67     71     73     77
 1882 -0.138 -0.061 -0.102 -0.188 -0.228 -0.324 -0.255 -0.239 -0.098 -0.216 -0.223 -0.420 -0.208
 1882     73     73     80     77     73     76     77     74     72     74     72     75
 1883 -0.159 -0.158 -0.125 -0.435 -0.292 -0.128 -0.200 -0.294 -0.302 -0.339 -0.161 -0.463 -0.255
 1883     78     73     76     75     75     74     78     81     80     80     80     78
 1884 -0.345 -0.190 -0.174 -0.266 -0.474 -0.454 -0.524 -0.255 -0.316 -0.362 -0.319 -0.422 -0.342
 1884     75     81     79     82     82     82     79     81     79     81     81     81
 1885 -0.359 -0.418 -0.379 -0.558 -0.597 -0.637 -0.463 -0.526 -0.344 -0.360 -0.182 -0.265 -0.424
 1885     81     82     82     82     81     78     79     80     81     82     79     83
 1886 -0.370 -0.279 -0.296 -0.323 -0.232 -0.527 -0.448 -0.519 -0.387 -0.415 -0.356 -0.492 -0.387
 1886     80     85     82     79     81     82     80     80     78     80     81     83
 1887 -0.459 -0.540 -0.457 -0.477 -0.610 -0.598 -0.436 -0.377 -0.475 -0.470 -0.483 -0.562 -0.495
 1887     84     82     79     83     78     78     81     82     81     81     82     80
 1888 -0.558 -0.414 -0.491 -0.396 -0.433 -0.459 -0.474 -0.377 -0.357 -0.221 -0.229 -0.129 -0.378
 1888     78     80     81     80     77     76     80     81     79     81     82     81
 1889 -0.078 -0.043  0.001 -0.154 -0.158 -0.336 -0.367 -0.401 -0.446 -0.379 -0.275 -0.227 -0.239
 1889     80     79     80     78     78     72     76     73     79     78     82     80
 1890 -0.389 -0.395 -0.497 -0.505 -0.548 -0.512 -0.542 -0.510 -0.522 -0.579 -0.536 -0.308 -0.487
 1890     79     76     73     78     76     76     76     79     75     69     76     78
 1891 -0.477 -0.375 -0.283 -0.352 -0.299 -0.474 -0.518 -0.506 -0.392 -0.318 -0.370 -0.323 -0.390
 1891     78     76     74     73     79     74     72     70     71     72     78     76
 1892 -0.344 -0.200 -0.277 -0.447 -0.408 -0.561 -0.641 -0.518 -0.424 -0.500 -0.394 -0.567 -0.440
 1892     74     79     75     73     77     74     66     74     72     69     68     70
 1893 -0.540 -0.467 -0.296 -0.561 -0.518 -0.614 -0.371 -0.339 -0.408 -0.368 -0.381 -0.355 -0.435
 1893     73     73     72     74     73     65     71     78     81     73     73     73
 1894 -0.404 -0.418 -0.534 -0.606 -0.668 -0.644 -0.580 -0.475 -0.576 -0.494 -0.367 -0.489 -0.521
 1894     76     75     74     73     73     70     71     77     73     73     72     76
 1895 -0.389 -0.471 -0.487 -0.568 -0.552 -0.401 -0.419 -0.349 -0.594 -0.450 -0.326 -0.362 -0.447
 1895     75     75     72     71     73     76     74     75     77     80     77     78
 1896 -0.247 -0.293 -0.332 -0.334 -0.394 -0.399 -0.251 -0.220 -0.305 -0.264 -0.136 -0.081 -0.271
 1896     80     80     79     76     71     75     76     78     72     79     81     77
 1897 -0.153 -0.171 -0.141 -0.110 -0.237 -0.234 -0.372 -0.295 -0.323 -0.321 -0.411 -0.410 -0.265
 1897     76     75     76     80     80     76     77     75     81     77     77     76
 1898 -0.324 -0.470 -0.562 -0.771 -0.664 -0.437 -0.576 -0.499 -0.463 -0.563 -0.518 -0.569 -0.535
 1898     78     79     73     76     81     77     76     77     74     79     79     81
 1899 -0.421 -0.386 -0.328 -0.469 -0.383 -0.489 -0.473 -0.346 -0.236 -0.324 -0.259 -0.360 -0.373
 1899     76     77     76     77     82     77     76     78     81     81     81     79
 1900 -0.273 -0.052 -0.306 -0.246 -0.406 -0.339 -0.243 -0.286 -0.293 -0.273 -0.250 -0.332 -0.275
 1900     77     75     76     72     78     70     72     76     76     78     79     80
 1901 -0.252 -0.347 -0.400 -0.342 -0.246 -0.376 -0.520 -0.310 -0.429 -0.343 -0.418 -0.437 -0.368
 1901     81     81     81     81     81     80     77     81     81     77     79     78
 1902 -0.444 -0.325 -0.361 -0.324 -0.354 -0.413 -0.397 -0.549 -0.371 -0.558 -0.439 -0.438 -0.415
 1902     83     82     83     80     83     81     83     82     75     81     78     78
 1903 -0.499 -0.397 -0.378 -0.611 -0.513 -0.549 -0.533 -0.608 -0.583 -0.731 -0.620 -0.673 -0.558
 1903     79     86     86     86     84     84     82     85     82     79     86     87
 1904 -0.699 -0.680 -0.658 -0.632 -0.665 -0.637 -0.556 -0.532 -0.567 -0.662 -0.543 -0.541 -0.614
 1904     86     88     84     78     83     86     83     84     83     82     85     87
 1905 -0.440 -0.515 -0.436 -0.486 -0.420 -0.347 -0.486 -0.328 -0.441 -0.384 -0.368 -0.272 -0.410
 1905     87     83     80     78     84     80     84     84     82     83     87     84
 1906 -0.171 -0.160 -0.287 -0.194 -0.425 -0.404 -0.373 -0.423 -0.514 -0.495 -0.559 -0.493 -0.375
 1906     85     88     84     85     84     86     82     85     81     76     80     84
 1907 -0.377 -0.469 -0.300 -0.407 -0.551 -0.502 -0.443 -0.517 -0.427 -0.495 -0.517 -0.586 -0.466
 1907     87     84     84     85     86     84     86     86     85     80     86     87
 1908 -0.444 -0.416 -0.506 -0.602 -0.528 -0.541 -0.480 -0.553 -0.520 -0.740 -0.594 -0.614 -0.545
 1908     83     82     86     87     84     82     83     80     79     83     83     88
 1909 -0.632 -0.567 -0.548 -0.590 -0.625 -0.553 -0.635 -0.372 -0.507 -0.617 -0.582 -0.662 -0.574
 1909     85     80     84     83     82     81     86     84     80     85     84     87
 1910 -0.485 -0.593 -0.624 -0.543 -0.609 -0.564 -0.490 -0.441 -0.486 -0.621 -0.699 -0.686 -0.570
 1910     88     85     76     78     84     81     79     78     79     81     85     84
 1911 -0.607 -0.708 -0.776 -0.769 -0.745 -0.761 -0.635 -0.625 -0.680 -0.492 -0.426 -0.248 -0.623
 1911     88     85     87     83     84     82     83     84     69     76     81     82
 1912 -0.213 -0.348 -0.309 -0.339 -0.401 -0.450 -0.493 -0.483 -0.525 -0.513 -0.507 -0.442 -0.419
 1912     86     87     86     86     87     85     85     83     81     82     83     86
 1913 -0.486 -0.336 -0.506 -0.490 -0.459 -0.521 -0.407 -0.423 -0.433 -0.440 -0.427 -0.316 -0.437
 1913     86     89     88     80     86     83     86     86     84     85     82     87
 1914 -0.263 -0.293 -0.255 -0.310 -0.336 -0.336 -0.283 -0.242 -0.324 -0.129 -0.034 -0.210 -0.251
 1914     86     87     87     86     84     85     84     83     69     80     77     78
 1915 -0.269 -0.194 -0.070 -0.121 -0.254 -0.250 -0.196 -0.117 -0.105 -0.215 -0.263 -0.398 -0.204
 1915     82     75     74     80     74     73     75     72     79     75     75     80
 1916 -0.358 -0.220 -0.281 -0.339 -0.443 -0.533 -0.548 -0.292 -0.246 -0.366 -0.516 -0.571 -0.393
 1916     80     70     76     70     74     68     69     75     73     75     72     69
 1917 -0.718 -0.652 -0.697 -0.535 -0.578 -0.474 -0.233 -0.398 -0.315 -0.396 -0.514 -0.527 -0.503
 1917     73     64     74     75     68     69     64     60     70     73     68     60
 1918 -0.454 -0.706 -0.601 -0.622 -0.444 -0.245 -0.397 -0.519 -0.302 -0.127  0.000 -0.192 -0.384
 1918     72     64     68     63     60     63     63     63     58     58     54     58
 1919 -0.127 -0.061 -0.137 -0.152 -0.187 -0.317 -0.339 -0.341 -0.392 -0.398 -0.550 -0.396 -0.283
 1919     58     61     57     55     66     71     66     65     63     65     71     72
 1920 -0.330 -0.615 -0.164 -0.365 -0.257 -0.270 -0.416 -0.265 -0.117 -0.172 -0.215 -0.344 -0.294
 1920     73     79     74     65     75     63     72     76     73     77     69     77
 1921 -0.387 -0.418 -0.340 -0.446 -0.329 -0.217 -0.317 -0.445 -0.263 -0.186 -0.192 -0.315 -0.321
 1921     80     78     76     75     77     77     75     79     78     79     77     81
 1922 -0.400 -0.247 -0.368 -0.334 -0.631 -0.392 -0.309 -0.376 -0.295 -0.407 -0.330 -0.404 -0.374
 1922     84     85     82     82     81     84     80     84     85     82     84     84
 1923 -0.494 -0.406 -0.355 -0.227 -0.429 -0.303 -0.560 -0.445 -0.515 -0.437 -0.217 -0.202 -0.382
 1923     85     82     84     81     84     83     82     82     84     82     84     82
 1924 -0.295 -0.400 -0.323 -0.374 -0.308 -0.369 -0.414 -0.476 -0.489 -0.542 -0.603 -0.594 -0.432
 1924     83     85     83     81     84     81     84     81     79     77     85     82
 1925 -0.586 -0.478 -0.420 -0.400 -0.359 -0.404 -0.438 -0.228 -0.519 -0.476 -0.196 -0.163 -0.389
 1925     83     85     83     81     81     81     84     82     78     80     81     83
 1926 -0.215 -0.168 -0.074 -0.137 -0.328 -0.227 -0.328 -0.234 -0.268 -0.246 -0.291 -0.353 -0.239
 1926     85     83     85     79     82     82     82     78     83     83     84     85
 1927 -0.300 -0.304 -0.375 -0.360 -0.372 -0.389 -0.352 -0.382 -0.316 -0.331 -0.369 -0.312 -0.347
 1927     80     86     88     84     84     84     83     83     84     83     86     82
 1928 -0.206 -0.286 -0.367 -0.252 -0.450 -0.410 -0.292 -0.254 -0.338 -0.338 -0.301 -0.398 -0.324
 1928     83     82     81     84     83     82     84     83     80     81     79     81
 1929 -0.334 -0.496 -0.601 -0.538 -0.551 -0.453 -0.533 -0.444 -0.412 -0.405 -0.164 -0.433 -0.447
 1929     82     80     81     81     83     82     80     78     80     81     83     82
 1930 -0.522 -0.442 -0.429 -0.296 -0.292 -0.270 -0.388 -0.299 -0.239 -0.245 -0.193 -0.191 -0.317
 1930     80     81     79     82     84     81     77     77     78     83     79     79
 1931 -0.212 -0.157 -0.169 -0.214 -0.284 -0.225 -0.160 -0.220 -0.299 -0.367 -0.389 -0.291 -0.249
 1931     84     84     80     82     81     81     76     77     82     77     82     84
 1932 -0.155 -0.178 -0.147 -0.237 -0.239 -0.415 -0.207 -0.348 -0.164 -0.314 -0.294 -0.336 -0.253
 1932     83     84     82     86     86     83     82     80     82     84     84     88
 1933 -0.332 -0.361 -0.372 -0.386 -0.307 -0.314 -0.463 -0.259 -0.386 -0.320 -0.508 -0.535 -0.379
 1933     88     90     88     82     81     76     81     82     78     83     87     88
 1934 -0.399 -0.546 -0.408 -0.387 -0.256 -0.136 -0.273 -0.153 -0.188 -0.272 -0.226 -0.303 -0.296
 1934     90     88     85     83     83     74     80     77     79     77     84     82
 1935 -0.278 -0.369 -0.407 -0.356 -0.361 -0.316 -0.282 -0.314 -0.325 -0.249 -0.298 -0.333 -0.324
 1935     82     83     89     81     79     80     78     83     81     83     83     88
 1936 -0.406 -0.243 -0.398 -0.316 -0.311 -0.318 -0.221 -0.221 -0.276 -0.108 -0.219 -0.278 -0.276
 1936     92     90     92     85     83     87     80     83     85     84     87     87
 1937 -0.247 -0.098 -0.256 -0.187 -0.278 -0.167 -0.093 -0.099 -0.032 -0.092 -0.124 -0.209 -0.157
 1937     88     88     89     84     82     82     84     83     80     81     84     85
 1938 -0.193 -0.259 -0.172 -0.192 -0.212 -0.139 -0.148 -0.146 -0.169 -0.010 -0.217 -0.300 -0.180
 1938     90     91     91     80     81     80     83     84     79     78     84     87
 1939 -0.164 -0.165 -0.229 -0.136 -0.063  0.041 -0.090 -0.178 -0.177 -0.229 -0.155 -0.038 -0.132
 1939     89     91     91     84     84     81     78     76     67     57     70     77
 1940 -0.067  0.066 -0.021  0.045  0.001  0.040  0.190  0.121  0.074 -0.044 -0.167  0.165  0.034
 1940     74     77     70     56     73     67     67     71     67     70     69     66
 1941 -0.082 -0.032 -0.132  0.063  0.038  0.019  0.154 -0.025 -0.311  0.092  0.028  0.155 -0.003
 1941     65     66     72     65     61     69     73     73     69     69     74     58
 1942  0.198  0.061  0.031 -0.052  0.125 -0.024 -0.127 -0.018 -0.103 -0.323 -0.254 -0.233 -0.060
 1942     67     71     76     69     67     68     65     66     64     62     71     70
 1943 -0.114 -0.237 -0.194 -0.172 -0.124 -0.045  0.003 -0.075 -0.139  0.052 -0.089 -0.093 -0.102
 1943     67     71     73     63     66     64     63     63     67     61     58     61
 1944  0.055 -0.067  0.033 -0.006  0.020  0.114  0.186  0.252  0.064  0.016  0.015  0.107  0.066
 1944     62     64     64     64     57     62     56     56     59     59     58     57
 1945  0.030  0.155  0.090  0.169 -0.172 -0.176 -0.043  0.218  0.056 -0.063 -0.110 -0.169 -0.001
 1945     63     61     60     58     53     53     51     54     48     53     50     56
 1946 -0.147 -0.266 -0.202 -0.203 -0.177 -0.418 -0.163 -0.269 -0.154 -0.174 -0.318 -0.314 -0.234
 1946     56     72     69     74     75     71     75     78     72     73     75     87
 1947 -0.195 -0.307 -0.326 -0.212 -0.095 -0.108 -0.112 -0.194 -0.333 -0.313 -0.199 -0.421 -0.235
 1947     85     93     81     80     77     73     79     77     72     71     80     85
 1948 -0.317 -0.303 -0.281 -0.261 -0.093 -0.139 -0.297 -0.217 -0.285 -0.230 -0.388 -0.279 -0.257
 1948     87     90     83     80     78     74     78     81     74     72     74     81
 1949 -0.226 -0.289 -0.206 -0.267 -0.196 -0.274 -0.172 -0.189 -0.144 -0.274 -0.336 -0.268 -0.237
 1949     85     86     91     83     78     80     76     77     78     77     81     85
 1950 -0.259 -0.387 -0.362 -0.276 -0.236 -0.117 -0.027 -0.154 -0.360 -0.319 -0.448 -0.446 -0.283
 1950     91     87     91     77     80     75     81     82     80     77     84     92
 1951 -0.386 -0.464 -0.320 -0.284 -0.112  0.037 -0.066 -0.051 -0.110 -0.096 -0.229 -0.216 -0.191
 1951     87     92     89     80     74     78     78     77     84     80     82     87
 1952  0.018 -0.002 -0.058 -0.067 -0.143 -0.133  0.028  0.084 -0.002 -0.068 -0.061 -0.126 -0.044
 1952     91     94     93     81     76     78     77     76     78     78     80     85
 1953 -0.191 -0.100 -0.134 -0.010  0.034  0.085 -0.101  0.002  0.025 -0.053 -0.078 -0.085 -0.051
 1953     87     91     90     76     79     73     75     75     77     78     80     86
 1954 -0.203 -0.143 -0.135 -0.213 -0.241 -0.237 -0.285 -0.219 -0.285 -0.163 -0.062 -0.230 -0.201
 1954     87     88     92     82     79     77     76     83     79     80     84     92
 1955 -0.178 -0.180 -0.253 -0.251 -0.326 -0.287 -0.306 -0.182 -0.221 -0.305 -0.309 -0.426 -0.269
 1955     88     92     91     79     77     76     76     78     82     81     86     89
 1956 -0.392 -0.274 -0.385 -0.334 -0.310 -0.204 -0.145 -0.286 -0.181 -0.198 -0.127 -0.133 -0.247
 1956     97     97     98     85     86     83     83     80     86     91     91     96
 1957 -0.225 -0.170 -0.117  0.026  0.153  0.094 -0.159  0.025  0.009 -0.003 -0.016 -0.030 -0.034
 1957     96     98     97     90     88     87     87     87     89     96     94    100
 1958 -0.013 -0.009 -0.064 -0.096  0.013 -0.319 -0.029 -0.267 -0.231 -0.071 -0.033 -0.279 -0.116
 1958    100     98     99     95     91     90     86     90     89     91     95     96
 1959 -0.177 -0.111 -0.098 -0.050 -0.067 -0.072 -0.057 -0.115 -0.370 -0.084 -0.304 -0.187 -0.141
 1959     97     98     99     88     86     85     86     89     91     94     93     98
 1960 -0.256 -0.281 -0.376 -0.288 -0.321 -0.353 -0.275 -0.065 -0.073 -0.046 -0.257 -0.161 -0.229
 1960     97    100    100     94     90     86     89     89     91     91     95     98
 1961 -0.154  0.028 -0.093  0.051  0.142  0.090 -0.077 -0.007  0.090  0.006 -0.072 -0.329 -0.027
 1961     99    100     99     92     89     87     89     92     90     96     99     98
 1962 -0.290 -0.187 -0.151 -0.174 -0.303  0.076 -0.250 -0.195 -0.060 -0.112 -0.100 -0.295 -0.170
 1962    100     99    100     92     87     87     86     89     92     90     96     99
 1963 -0.294 -0.284 -0.316 -0.303 -0.166 -0.025  0.050  0.161  0.152 -0.204 -0.254 -0.181 -0.139
 1963    100     99     97     95     89     87     84     88     91     94     95     99
 1964 -0.300 -0.326 -0.252 -0.473 -0.528 -0.194 -0.219 -0.337 -0.479 -0.289 -0.308 -0.470 -0.348
 1964    100     99     96     97     89     90     90     91     95     96     98    100
 1965 -0.237 -0.092 -0.319 -0.282 -0.155 -0.148 -0.301 -0.101 -0.251 -0.191 -0.303 -0.161 -0.212
 1965     97     98    100     98     92     91     91     93     94     96     98    100
 1966 -0.293 -0.233 -0.163 -0.067 -0.281 -0.195 -0.020 -0.319 -0.228 -0.332 -0.160 -0.174 -0.205
 1966     99     99    100     95     94     89     89     90     93     96     97     99
 1967 -0.166 -0.209 -0.231 -0.271 -0.043 -0.136 -0.111 -0.186 -0.181 -0.291 -0.187 -0.311 -0.194
 1967     99     99     98     97     93     92     90     93     90     93     98     99
 1968 -0.297 -0.313 -0.257 -0.257 -0.339 -0.207 -0.242 -0.128 -0.354  0.091  0.015 -0.011 -0.191
 1968    100     98     99     97     94     94     92     93     91     93     98     99
 1969  0.093  0.091  0.043  0.184  0.138  0.149 -0.162 -0.098  0.007  0.049 -0.022  0.049  0.043
 1969    100     99     97     98     95     93     96     94     95     95     98    100
 1970  0.073  0.003  0.006 -0.031 -0.133 -0.181 -0.104 -0.275  0.049  0.121 -0.047 -0.028 -0.046
 1970    100    100    100     97     95     93     93     93     92     96     98    100
 1971 -0.087 -0.201 -0.300 -0.186 -0.169 -0.311 -0.166 -0.110 -0.069 -0.099 -0.228 -0.244 -0.181
 1971     98    100     98     99     91     93     93     92     95     98     98    100
 1972 -0.069  0.008 -0.078 -0.060  0.070  0.087 -0.049  0.230  0.160 -0.030  0.168  0.369  0.067
 1972    100     99     99     98     94     92     93     94     95     97     98     99
 1973  0.181  0.067  0.104  0.261  0.180  0.114  0.077 -0.028  0.057  0.127  0.040 -0.188  0.083
 1973    100     99     99     98     95     97     96     95     93     96     99    100
 1974 -0.167 -0.391 -0.309 -0.229 -0.010 -0.001 -0.108  0.171 -0.022  0.035  0.034 -0.076 -0.089
 1974    100    100     99     97     94     93     92     92     93     95     95     99
 1975 -0.149 -0.081 -0.009 -0.113  0.162 -0.029 -0.075 -0.307 -0.136 -0.080 -0.171 -0.262 -0.104
 1975     98    100     98     97     95     92     90     94     96     93     97     99
 1976 -0.301 -0.191 -0.216 -0.316 -0.400 -0.233 -0.070 -0.266 -0.206 -0.193  0.065  0.259 -0.172
 1976     99    100     97     94     94     92     90     92     92     94     94     96
 1977  0.421  0.231  0.107  0.108  0.256  0.198  0.223  0.227 -0.145  0.002  0.011 -0.075  0.130
 1977     99    100     98     96     95     94     92     95     94     94     97     97
 1978 -0.047  0.075  0.031  0.068  0.119  0.065  0.136 -0.260  0.092 -0.073  0.034  0.043  0.024
 1978     99     98     99     97     95     94     92     93     92     93     98     99
 1979  0.110  0.067  0.134  0.348 -0.015  0.059 -0.037  0.197  0.184  0.124  0.272  0.327  0.148
 1979    100    100    100     99     99     98     98     98     98     98     99     99
 1980  0.310  0.340  0.453  0.339  0.292  0.101  0.272  0.209  0.185  0.037  0.267  0.171  0.248
 1980    100    100    100    100     99     99     99     98     97     99     99    100
 1981  0.141  0.111  0.148  0.058  0.128  0.223  0.420  0.446  0.143 -0.108  0.000  0.176  0.157
 1981    100    100    100     98     98     97     95     97     97     98     99    100
 1982  0.093  0.013 -0.158 -0.030  0.176 -0.000  0.128 -0.008 -0.009  0.085  0.261  0.346  0.075
 1982    100    100    100     99     97     95     96     95     95     97     99     99
 1983  0.347  0.427  0.268  0.350  0.448  0.226  0.025  0.300  0.389  0.131  0.032  0.065  0.251
 1983    100    100    100    100     97     96     97     97     97     98     98     99
 1984  0.110  0.141  0.212  0.112  0.243 -0.100  0.008  0.158  0.266  0.069  0.077  0.172  0.122
 1984    100    100    100     99     98     96     97     98     98     99     99    100
 1985  0.176  0.117  0.233  0.163  0.129  0.205  0.097  0.307  0.227  0.100  0.018  0.013  0.149
 1985    100    100    100    100     99     99     99     98     99     99     99    100
 1986  0.025  0.317  0.212  0.144  0.163 -0.000  0.119  0.155  0.057  0.100  0.134  0.088  0.126
 1986    100    100    100    100    100     98     98     98     99     99     99    100
 1987  0.289  0.259  0.288  0.362  0.138  0.363  0.425  0.124  0.193  0.337  0.341  0.298  0.285
 1987    100    100    100     99     99     99     99     99     99    100    100    100
 1988  0.426  0.291  0.421  0.243  0.297  0.292  0.130  0.266  0.258  0.300  0.015 -0.014  0.244
 1988    100    100    100     99     99     99     98     98     98     98     98     99
 1989  0.021  0.097  0.114  0.030 -0.100 -0.030  0.222  0.245  0.341  0.269  0.165  0.263  0.136
 1989     99    100    100     99     99     98     97     98     98     98     99     99
 1990  0.253  0.223  0.257  0.310  0.310  0.151  0.426  0.160  0.017  0.317  0.312  0.286  0.252
 1990     99    100    100    100     99     99     98     98     99     98     99     99
 1991  0.139  0.300  0.185  0.327  0.257  0.405  0.472  0.371  0.346  0.178  0.183  0.280  0.287
 1991    100    100    100     99     99     99     99     98     99     99     99    100
 1992  0.238  0.285  0.249  0.244  0.230  0.278  0.053  0.130 -0.023  0.056  0.010  0.010  0.147
 1992    100    100    100     99     99     98     98     97     97     98     99     99
 1993  0.183  0.062  0.206  0.162  0.135  0.070  0.131  0.100  0.064  0.123  0.261  0.104  0.133
 1993    100    100    100     99     97     97     97     97     97     97     98     99
 1994  0.114  0.046  0.132  0.096  0.087  0.255  0.081 -0.006  0.201  0.149  0.262  0.213  0.136
 1994    100    100    100     97     97     97     97     97     98     99     99    100
 1995  0.139  0.214  0.229  0.125  0.092  0.184  0.466  0.213  0.083  0.166  0.167  0.068  0.179
 1995    100     99     99     99     98     98     98     98     98     99     99    100
 1996  0.133  0.332  0.270  0.285  0.119  0.168  0.338  0.504  0.289  0.149  0.237  0.256  0.257
 1996    100    100    100     99     99     98     98     97     98     98     99     99
 1997  0.126  0.103  0.175  0.210  0.171  0.413  0.184  0.294  0.377  0.424  0.593  0.570  0.303
 1997     99    100     99     99     99     98     98     98     98     99    100    100
 1998  0.520  0.651  0.533  0.389  0.595  0.575  0.521  0.496  0.217  0.254  0.257  0.215  0.435
 1998    100    100    100     99     99     98     97     98     98     98     99    100
 1999  0.235  0.243  0.305  0.020  0.116  0.311  0.233  0.231  0.114  0.163  0.080 -0.037  0.168
 1999    100    100    100     99     99     98     98     98     98     98     99     99
 2000  0.023  0.167  0.152  0.210  0.078  0.264  0.210  0.235  0.217  0.060  0.269  0.157  0.170
 2000    100    100    100     99     99     98     98     98     97     98     99     99
 2001  0.202  0.345  0.361  0.313  0.358  0.370  0.402  0.329  0.407  0.317  0.396  0.333  0.345
 2001     99    100     99     99     98     98     98     98     98     98     98     99
 2002  0.429  0.341  0.594  0.611  0.523  0.241  0.489  0.421  0.370  0.420  0.257  0.233  0.411
 2002    100    100    100     99     98     99     98     98     98     98     99    100
 2003  0.425  0.479  0.391  0.347  0.325  0.311  0.301  0.418  0.353  0.328  0.304  0.367  0.362
 2003    100    100    100    100     99     99     99     98     98     98     99    100
 2004  0.348  0.425  0.313  0.321  0.207  0.164 -0.016  0.339  0.306  0.365  0.361  0.414  0.296
 2004    100    100    100     99     99     98     98     97     98     98     99    100
 2005  0.434  0.388  0.472  0.364  0.306  0.351  0.331  0.439  0.383  0.431  0.243  0.375  0.376
 2005    100    100    100     99     99     99     98     98     98     98     99     99
 2006  0.392  0.386  0.355  0.352  0.193  0.362  0.314  0.523  0.289  0.270  0.394  0.315  0.345
 2006    100    100    100     99     99     98     98     98     98     99     99    100
 2007  0.470  0.378  0.371  0.347  0.451  0.348  0.427  0.406  0.329  0.302  0.252  0.072  0.346
 2007    100    100    100    100     99     99     99     98     98     98    100    100
 2008  0.128  0.063  0.241  0.248  0.222  0.137  0.430  0.265  0.461  0.290  0.297  0.274  0.255
 2008    100    100    100    100     99     98     98     98     98     99     99    100
 2009  0.339  0.286  0.396  0.370  0.522  0.575  0.655  0.518  0.499  0.423  0.612  0.581  0.482
 2009    100    100    100    100     99     99     98     98     98     99     99    100
 2010  0.590  0.630  0.665  0.476  0.484  0.416  0.322  0.344  0.425  0.378  0.251  0.245  0.435
 2010    100    100    100    100     99     99     98     98     98     99     99    100
 2011  0.315  0.343  0.297  0.368  0.229  0.324  0.533  0.551  0.346  0.263  0.385  0.187  0.345
 2011    100    100    100    100     99     99     98     99     99     99     99    100
 2012  0.147  0.327  0.314  0.221  0.369  0.313  0.270  0.479  0.411  0.577  0.509  0.465  0.367
 2012    100    100    100    100     99     98     98     97     98     98     99    100
 2013  0.488  0.387  0.397  0.422  0.335  0.559  0.477  0.504  0.688  0.457  0.474  0.409  0.466
 2013    100    100    100     99     99     99     98     98     98     99     99    100
 2014  0.467  0.326  0.324  0.441  0.585  0.391  0.340  0.461  0.601  0.494  0.433  0.340  0.433
 2014    100    100    100    100     99     99     98     98     98     99     99    100
 2015  0.408  0.492  0.474  0.400  0.444  0.440  0.464  0.531  0.431  0.753  0.654  0.671  0.514
 2015    100    100    100    100     99     99     98     98     99     99    100    100
 2016  0.681  0.697  0.726  0.647  0.640  0.398  0.488  0.756  0.471  0.612  0.633  0.520  0.606
 2016    100    100    100    100    100     99     98     98     98     99     99    100
 2017  0.602  0.729  0.702  0.509  0.673  0.407  0.625  0.557  0.478  0.628  0.503  0.386  0.567
 2017    100    100    100    100    100     99     99     98     98     99     99    100
 2018  0.422  0.439  0.542  0.679  0.551  0.585  0.588  0.595  0.458  0.590  0.585  0.624  0.555
 2018    100    100    100     99    100     99     98     98     98     99     99    100
 2019  0.629  0.690  0.756  0.676  0.565  0.483  0.632  0.530  0.393  0.612  0.744  0.750  0.622
 2019    100    100    100    100     99     99     98     98     98     99     99    100
 2020  0.692  0.620  0.633  0.772  0.585  0.510  0.518  0.491  0.555  0.440  0.582  0.270  0.556
 2020    100    100    100     99    100     98     98     98     98     99     99     99
 2021  0.279  0.268  0.427  0.365  0.353  0.309  0.502  0.580  0.683  0.595  0.495  0.486  0.445
 2021    100    100    100    100    100     99     98     98     98     99     99    100
 2022  0.442  0.461  0.524  0.464  0.505  0.602  0.539  0.573  0.475  0.598  0.331  0.465  0.498
 2022    100    100    100     99     99     99     98     98     98     98     99     99
 2023  0.440  0.627  0.792  0.895  0.676  0.925  0.890  0.892  1.026  0.838  0.824  0.758  0.798
 2023    100    100    100     99     99     98     98     98     98     98     98     99
 2024  0.781  0.856  0.906  0.744  0.773  0.758  0.888  1.028  0.779  0.814  0.713  0.680  0.810
 2024    100     99    100    100     99     99     99     99     98     99     99    100
 2025  0.851  0.794  0.804  0.743  0.728  0.696  0.717  0.852  0.881  0.840  0.671  0.615  0.766
 2025     99    100    100    100    100     98     99     99     98     99     98     99
 2026  0.701  0.775  0.836  0.864  0.784  0.733  0.750 -9.999 -9.999 -9.999 -9.999 -9.999  0.778
 2026    100    100    100     99    100     99     99      0      0      0      0      0
