 1850 -1.028 -0.216 -0.588 -0.716 -0.655 -0.220 -0.104 -0.023 -0.348 -0.729 -0.564 -0.373 -0.464
 1850     64     60     61     66     71     69     72     74     81     75     74     70
 1851 -0.188 -0.510 -1.003 -0.673 -0.171 -0.101 -0.146 -0.110 -0.035 -0.028 -0.268 -0.257 -0.291
 1851     67     64     69     70     72     67     73     73     66     68     68     63
 1852 -0.307 -0.535 -0.702 -0.711 -0.014 -0.020 -0.005 -0.076 -0.035 -0.052 -0.525  0.175 -0.234
 1852     63     65     71     75     71     75     73     69     73     74     69     65
 1853 -0.003 -0.418 -0.494 -0.498 -0.182  0.044  0.079  0.117 -0.237 -0.352 -0.590 -0.349 -0.240
 1853     68     69     70     61     74     72     72     74     70     77     69     70
 1854 -0.511 -0.490 -0.106 -0.311 -0.177 -0.365  0.092  0.054 -0.129  0.150 -0.295 -0.175 -0.189
 1854     69     69     69     76     70     70     70     70     68     69     67     64
 1855 -0.031 -0.377 -0.365  0.067 -0.214 -0.186 -0.190 -0.164 -0.313 -0.138 -0.428 -0.604 -0.245
 1855     71     72     65     72     73     71     75     69     69     64     63     59
 1856  0.000 -0.408 -0.541 -0.249 -0.245 -0.125 -0.278 -0.303 -0.401 -0.506 -0.719 -0.501 -0.356
 1856     67     72     69     72     75     73     70     75     72     69     72     71
 1857 -0.680 -0.445 -0.495 -0.812 -0.733 -0.189 -0.254 -0.202 -0.323 -0.500 -0.728 -0.163 -0.460
 1857     71     72     72     62     70     67     67     67     74     72     67     57
 1858 -0.214 -0.636 -0.617 -0.320 -0.381 -0.259 -0.261 -0.366 -0.381 -0.190 -0.499 -0.486 -0.384
 1858     56     65     58     68     64     68     74     78     70     70     70     72
 1859 -0.393 -0.345 -0.291 -0.158 -0.063 -0.125 -0.240 -0.199 -0.410 -0.285 -0.303 -0.555 -0.280
 1859     70     65     67     67     74     68     72     64     68     65     62     61
 1860 -0.583 -0.669 -1.279 -0.350 -0.304 -0.116 -0.160 -0.076 -0.111 -0.369 -0.864 -1.128 -0.501
 1860     57     62     54     66     59     63     64     64     54     53     50     54
 1861 -1.367 -0.777 -0.412 -0.574 -0.591 -0.151 -0.057 -0.002 -0.378 -0.498 -0.509 -0.433 -0.479
 1861     53     51     48     48     47     43     48     53     52     54     45     44
 1862 -1.131 -1.167 -0.849 -0.826 -0.554 -0.362 -0.370 -0.394 -0.418 -0.626 -0.945 -1.291 -0.744
 1862     45     50     46     50     49     53     50     51     51     48     39     43
 1863  0.161 -0.335 -0.458 -0.418 -0.213 -0.394 -0.347 -0.264 -0.326 -0.762 -0.573 -0.663 -0.383
 1863     46     46     50     52     51     50     46     50     45     43     43     41
 1864 -0.915 -0.614 -0.572 -0.591 -0.376  0.171 -0.187 -0.053 -0.545 -0.833 -0.776 -0.978 -0.522
 1864     44     45     48     49     46     53     48     47     48     48     54     46
 1865 -0.119 -0.850 -1.167 -0.929 -0.493 -0.179 -0.332 -0.277 -0.147 -0.339 -0.262 -0.755 -0.487
 1865     47     43     44     49     48     47     46     50     46     41     41     41
 1866 -0.298 -0.672 -0.998 -0.722 -0.809 -0.102 -0.008 -0.268 -0.528 -0.668 -0.398 -0.417 -0.491
 1866     46     53     49     47     46     47     48     49     49     51     46     44
 1867 -0.686 -0.427 -1.135 -0.734 -0.936 -0.366 -0.161 -0.167 -0.219 -0.191 -0.344 -0.510 -0.490
 1867     46     47     49     50     47     49     49     48     47     46     43     45
 1868 -0.857 -1.043 -0.509 -0.332 -0.231 -0.076  0.341 -0.133 -0.467 -0.272 -0.717 -0.347 -0.387
 1868     40     44     47     52     48     50     50     51     51     50     49     48
 1869 -0.276  0.381 -0.861 -0.542 -0.186 -0.222 -0.202  0.023 -0.040 -0.225 -0.312 -0.657 -0.260
 1869     49     54     54     52     56     60     56     58     63     59     60     57
 1870 -0.238 -0.619 -0.552 -0.447 -0.107 -0.012  0.048 -0.178 -0.086 -0.380 -0.190 -1.068 -0.319
 1870     59     62     64     61     58     62     63     55     56     47     62     53
 1871 -0.914 -1.152 -0.243 -0.167 -0.427 -0.217 -0.020 -0.136 -0.331 -0.248 -0.912 -0.723 -0.458
 1871     52     55     57     60     55     61     58     59     59     58     52     54
 1872 -0.822 -0.881 -0.590 -0.406  0.002 -0.173  0.024  0.247  0.007 -0.141 -0.501 -0.708 -0.328
 1872     59     63     59     60     58     63     60     59     65     65     64     65
 1873 -0.442 -0.385 -0.542 -0.658 -0.396 -0.256 -0.090 -0.157 -0.375 -0.293 -0.428 -0.121 -0.345
 1873     63     57     65     63     71     72     63     74     64     65     64     67
 1874 -0.078 -0.401 -0.826 -0.364 -0.036 -0.290 -0.189 -0.151  0.020 -0.371 -0.429 -0.296 -0.284
 1874     56     63     65     62     56     59     67     68     67     70     69     66
 1875 -0.926 -0.716 -0.733 -0.509 -0.322 -0.095 -0.065 -0.210 -0.322 -0.217 -0.834 -0.725 -0.473
 1875     68     66     76     77     75     79     76     78     67     72     68     71
 1876 -0.615 -0.372 -0.374 -0.404 -0.636 -0.101  0.001 -0.204 -0.288 -0.294 -0.718 -0.976 -0.415
 1876     66     68     65     69     71     78     73     72     71     67     71     69
 1877 -0.524 -0.349 -0.146 -0.412 -0.298  0.074  0.149  0.400  0.191  0.053  0.095 -0.109 -0.073
 1877     70     68     73     70     67     70     72     69     74     72     69     73
 1878 -0.280  0.330  0.648  0.285 -0.036  0.387  0.118  0.107  0.215 -0.143 -0.059 -0.302  0.106
 1878     76     75     71     79     71     73     75     84     79     77     77     76
 1879 -0.165 -0.219 -0.243 -0.408 -0.298 -0.268 -0.242 -0.315 -0.240 -0.012 -0.557 -0.832 -0.317
 1879     68     74     78     79     79     82     78     80     76     70     72     72
 1880 -0.460 -0.616 -0.343 -0.448 -0.294 -0.281 -0.326 -0.165 -0.314 -0.397 -0.312 -0.446 -0.367
 1880     70     75     70     67     70     78     80     81     78     79     79     80
 1881 -0.167 -0.282 -0.326 -0.034 -0.109 -0.370 -0.171 -0.073 -0.264 -0.322 -0.596 -0.359 -0.256
 1881     77     80     80     84     80     81     78     85     90     88     84     82
 1882  0.114 -0.135 -0.190 -0.390 -0.351 -0.392 -0.361 -0.209 -0.193 -0.548 -0.547 -0.835 -0.336
 1882     84     83     84     85     84     81     87     87     83     85     83     82
 1883 -0.722 -0.739 -0.372 -0.398 -0.355 -0.190 -0.231 -0.261 -0.300 -0.308 -0.585 -0.343 -0.400
 1883     84     81     84     83     84     83     86     86     91     92     87     87
 1884 -0.507 -0.430 -0.809 -0.671 -0.618 -0.522 -0.587 -0.585 -0.679 -0.535 -0.819 -0.522 -0.607
 1884     82     83     80     85     92     90     89     90     89     89     89     86
 1885 -0.930 -0.660 -0.436 -0.679 -0.587 -0.615 -0.354 -0.266 -0.351 -0.332 -0.554 -0.143 -0.492
 1885     86     87     90     91     89     88     86     90     91     91     92     92
 1886 -0.546 -0.661 -0.637 -0.364 -0.327 -0.470 -0.146 -0.380 -0.373 -0.383 -0.595 -0.269 -0.429
 1886     91     92     93     92     92     94     93     92     94     93     89     90
 1887 -1.010 -0.752 -0.414 -0.469 -0.415 -0.425 -0.322 -0.499 -0.282 -0.399 -0.374 -0.417 -0.481
 1887     91     90     92     92     88     90     91     88     90     89     92     87
 1888 -0.672 -0.756 -0.695 -0.291 -0.365 -0.170 -0.196 -0.231 -0.284 -0.095 -0.284 -0.367 -0.367
 1888     85     87     92     91     88     92     88     88     84     84     83     79
 1889 -0.509  0.032 -0.159 -0.010 -0.158 -0.096 -0.215 -0.229 -0.252 -0.343 -0.743 -0.465 -0.262
 1889     80     77     84     89     85     82     80     88     85     79     78     85
 1890 -0.643 -0.502 -0.736 -0.479 -0.511 -0.458 -0.429 -0.427 -0.431 -0.294 -0.798 -0.453 -0.513
 1890     87     78     80     81     83     82     84     86     83     84     80     76
 1891 -0.672 -0.811 -0.429 -0.524 -0.369 -0.257 -0.282 -0.215 -0.131 -0.350 -0.690 -0.124 -0.405
 1891     77     77     79     80     83     85     83     83     81     84     83     80
 1892 -0.599 -0.377 -0.766 -0.627 -0.496 -0.303 -0.539 -0.504 -0.350 -0.374 -0.931 -1.012 -0.573
 1892     82     80     87     81     81     87     79     85     87     86     84     84
 1893 -1.540 -1.225 -0.547 -0.456 -0.622 -0.291 -0.134 -0.251 -0.331 -0.242 -0.423 -0.598 -0.555
 1893     80     85     84     84     88     86     86     86     86     86     88     79
 1894 -0.857 -0.420 -0.462 -0.441 -0.359 -0.516 -0.216 -0.234 -0.303 -0.304 -0.535 -0.588 -0.436
 1894     84     82     80     84     82     88     81     83     87     84     81     78
 1895 -0.884 -0.793 -0.732 -0.329 -0.385 -0.441 -0.257 -0.399 -0.183 -0.178 -0.299 -0.358 -0.436
 1895     82     80     77     76     82     76     80     83     81     86     81     79
 1896 -0.381 -0.364 -0.828 -0.723 -0.300 -0.049 -0.118 -0.126 -0.005  0.030 -0.480 -0.084 -0.286
 1896     80     80     78     83     79     85     86     83     84     88     85     81
 1897 -0.426 -0.504 -0.679 -0.108 -0.006 -0.106 -0.008 -0.071 -0.030 -0.091 -0.410 -0.497 -0.244
 1897     77     79     79     84     87     87     85     86     91     87     85     86
 1898 -0.046 -0.618 -1.105 -0.550 -0.432 -0.232 -0.206 -0.291 -0.257 -0.389 -0.472 -0.364 -0.413
 1898     86     86     89     87     91     94     91     90     90     90     84     88
 1899 -0.267 -0.669 -0.799 -0.366 -0.333 -0.525 -0.255 -0.128 -0.050 -0.028  0.166 -0.535 -0.316
 1899     93     87     87     95     96     90     91     94     95     93     89     94
 1900 -0.690 -0.332 -0.092 -0.205 -0.196 -0.107 -0.176 -0.134 -0.093  0.157 -0.264 -0.094 -0.185
 1900     85     89     84     92     92     90     91     91     91     93     90     92
 1901 -0.276 -0.170  0.041  0.012 -0.223 -0.136 -0.172 -0.113 -0.283 -0.329 -0.329 -0.494 -0.206
 1901     93     95     92     96     92     94     94     93     97     97     95     93
 1902 -0.406 -0.123 -0.550 -0.565 -0.515 -0.487 -0.425 -0.312 -0.375 -0.437 -0.669 -0.660 -0.460
 1902     94     90     95     98     93     98     99     99     97     91     95     93
 1903 -0.347 -0.073 -0.434 -0.569 -0.515 -0.550 -0.490 -0.613 -0.559 -0.616 -0.642 -0.743 -0.513
 1903     91     95     93     93     98     94     98     97     97     97     95     97
 1904 -0.895 -0.854 -0.730 -0.658 -0.558 -0.500 -0.562 -0.436 -0.634 -0.444 -0.241 -0.446 -0.580
 1904     95     93     91     96     96     93     94     98     96     95     91     94
 1905 -0.473 -0.916 -0.601 -0.631 -0.449 -0.343 -0.266 -0.283 -0.253 -0.284 -0.063 -0.257 -0.402
 1905     91     91     95     97     96     94     98     94     93     91     94     95
 1906 -0.398 -0.594 -0.277 -0.006 -0.319 -0.055 -0.320 -0.122 -0.191 -0.145 -0.503 -0.141 -0.256
 1906     89     95     92     91     95     95     93     96     95     94     95     92
 1907 -0.656 -0.761 -0.554 -0.537 -0.724 -0.575 -0.420 -0.468 -0.373 -0.170 -0.579 -0.580 -0.533
 1907     94     95     93     96     94     97     93     93     97     92     96     97
 1908 -0.460 -0.396 -0.888 -0.560 -0.348 -0.277 -0.312 -0.409 -0.246 -0.395 -0.682 -0.646 -0.468
 1908     91     95     96     97     94     93     96     97     96     98     98     98
 1909 -0.878 -0.499 -0.754 -0.671 -0.553 -0.460 -0.421 -0.285 -0.308 -0.362 -0.186 -0.522 -0.492
 1909     97     96     95     95     94     97     99     96     99     98     95     98
 1910 -0.350 -0.417 -0.580 -0.507 -0.438 -0.541 -0.394 -0.341 -0.349 -0.334 -0.637 -0.803 -0.474
 1910     97     97     97     96     96     98     98     96     96     96     98     97
 1911 -0.705 -0.705 -0.753 -0.515 -0.538 -0.360 -0.359 -0.395 -0.322 -0.212 -0.261 -0.358 -0.457
 1911     96     95     95     95     95     95     97     96     93     95     96     95
 1912 -0.439 -0.277 -0.804 -0.336 -0.269 -0.131 -0.528 -0.678 -0.768 -0.857 -0.606 -0.711 -0.534
 1912     96     98     95     94     98     96     98     99     96     98     98     97
 1913 -0.607 -0.743 -0.696 -0.555 -0.636 -0.571 -0.568 -0.376 -0.403 -0.445 -0.296  0.016 -0.490
 1913     97     96     98     99     99    100     99    100     99     99     97     98
 1914  0.122 -0.218 -0.528 -0.492 -0.281 -0.286 -0.312 -0.249 -0.281 -0.091 -0.329 -0.266 -0.268
 1914     98     98     98     99     99    100    100     99     98     99     98     97
 1915 -0.298 -0.233 -0.321 -0.050 -0.100 -0.099 -0.158 -0.011 -0.120 -0.350 -0.077 -0.307 -0.177
 1915     98     97     98     98     97     96     99     99     99     97     96     98
 1916 -0.314 -0.310 -0.589 -0.423 -0.410 -0.463 -0.225 -0.301 -0.405 -0.379 -0.503 -1.052 -0.448
 1916     97     96     98     96     98     97     99     98     99     97     97     97
 1917 -0.666 -0.780 -0.864 -0.552 -0.703 -0.482 -0.282 -0.280 -0.292 -0.671 -0.396 -1.048 -0.585
 1917     98     96     98     97     98     97     96     97     95     98     95     94
 1918 -0.583 -0.647 -0.564 -0.632 -0.611 -0.533 -0.344 -0.369 -0.247 -0.107 -0.338 -0.642 -0.468
 1918     97     96     98     97     97     98     97     99     98     97     95     95
 1919 -0.359 -0.411 -0.650 -0.266 -0.438 -0.422 -0.302 -0.175 -0.196 -0.147 -0.572 -0.642 -0.382
 1919     96     96     97     98     98     98     96     96     96     98     96     95
 1920 -0.221 -0.474 -0.173 -0.318 -0.262 -0.235 -0.220 -0.203 -0.294 -0.273 -0.463 -0.639 -0.315
 1920     97     95     97     98     97     97     98     99     97     98     96     98
 1921 -0.074 -0.173 -0.356 -0.142 -0.272 -0.102  0.013 -0.189 -0.132 -0.073 -0.195 -0.246 -0.162
 1921     99     98     99     98     99     99     98    100     99     98     98     98
 1922 -0.437 -0.564 -0.293 -0.256 -0.305 -0.201 -0.218 -0.332 -0.338 -0.288 -0.178 -0.211 -0.302
 1922     99     99     98     99     99    100     99    100     99     99     99     99
 1923 -0.313 -0.571 -0.565 -0.588 -0.373 -0.217 -0.269 -0.198 -0.152  0.100  0.167  0.018 -0.247
 1923     99     98     99     99    100    100    100    100    100     99     98     99
 1924 -0.361 -0.219 -0.032 -0.302 -0.115 -0.171 -0.179 -0.151 -0.162 -0.176  0.037 -0.386 -0.185
 1924     99     99     99     99    100    100    100    100    100     99     99     98
 1925 -0.383 -0.471 -0.328 -0.201 -0.256 -0.276 -0.237 -0.105  0.010 -0.089  0.092  0.201 -0.170
 1925     99     99     99     99     99    100    100    100    100     99     99     99
 1926  0.379  0.095  0.117 -0.183 -0.205 -0.135 -0.090  0.031  0.032  0.108  0.072 -0.280 -0.005
 1926     99     99    100    100    100    100    100    100    100    100     99     99
 1927 -0.320 -0.109 -0.442 -0.271 -0.091 -0.111 -0.069 -0.032  0.098  0.288  0.128 -0.328 -0.105
 1927     98     99     99    100    100    100    100    100    100    100     99     99
 1928  0.157  0.041 -0.270 -0.220 -0.154 -0.255 -0.089 -0.101 -0.075 -0.035 -0.044 -0.065 -0.093
 1928     99     99    100    100    100    100    100    100    100    100     99     99
 1929 -0.534 -0.707 -0.369 -0.343 -0.319 -0.355 -0.339 -0.080 -0.135 -0.024 -0.110 -0.690 -0.334
 1929     99     99    100    100    100    100    100    100    100    100    100    100
 1930 -0.194 -0.234 -0.060 -0.153 -0.202 -0.124  0.028  0.119  0.053  0.083  0.331  0.081 -0.023
 1930     99     99    100    100    100    100    100    100    100    100    100    100
 1931 -0.043 -0.351 -0.059 -0.148 -0.118  0.178  0.139  0.148  0.199  0.322  0.090  0.089  0.037
 1931    100     99    100    100    100    100    100    100    100    100    100    100
 1932  0.296 -0.198 -0.255  0.084 -0.095 -0.098 -0.061 -0.027  0.158  0.126 -0.297 -0.197 -0.047
 1932    100    100    100    100    100    100    100    100    100    100    100    100
 1933 -0.316 -0.337 -0.429 -0.219 -0.275 -0.340 -0.125 -0.049 -0.270 -0.178 -0.304 -0.495 -0.278
 1933    100    100    100    100    100    100    100    100    100    100    100    100
 1934 -0.262  0.250 -0.450 -0.382 -0.043 -0.045 -0.087 -0.080 -0.090  0.105  0.297  0.086 -0.058
 1934    100    100    100    100    100    100    100    100    100    100    100    100
 1935 -0.437  0.450 -0.059 -0.307 -0.299 -0.119 -0.018  0.015 -0.062  0.141 -0.354 -0.172 -0.102
 1935    100    100    100    100    100    100    100    100    100    100    100    100
 1936 -0.380 -0.436 -0.271 -0.077 -0.046  0.018  0.063  0.080  0.059  0.028  0.093  0.081 -0.066
 1936    100    100    100    100    100    100    100    100    100    100    100    100
 1937 -0.002  0.242 -0.268 -0.049  0.098  0.154  0.142  0.181  0.327  0.355  0.255  0.061  0.125
 1937    100    100    100    100    100    100    100    100    100    100    100    100
 1938  0.283  0.230  0.121  0.260  0.005 -0.045  0.059  0.149  0.218  0.342  0.321 -0.096  0.154
 1938    100    100    100    100    100    100    100    100    100    100    100    100
 1939 -0.065 -0.076 -0.361 -0.097 -0.017 -0.010  0.018  0.106  0.146  0.028  0.197  0.713  0.048
 1939    100    100    100    100    100    100    100    100    100    100    100     99
 1940 -0.027  0.095 -0.065  0.241  0.069  0.047  0.106  0.083  0.183  0.240  0.163  0.235  0.114
 1940    100    100     99     99    100    100    100    100     99    100    100    100
 1941 -0.006  0.256 -0.114  0.003  0.078  0.091  0.159  0.097  0.017  0.329 -0.054 -0.000  0.071
 1941    100    100    100    100    100    100    100    100    100    100    100    100
 1942  0.301 -0.030 -0.121  0.034  0.120  0.079  0.002 -0.105  0.074  0.137  0.142  0.072  0.059
 1942     99    100    100    100    100    100    100    100     99    100     98     98
 1943 -0.268  0.183 -0.134  0.217  0.190 -0.111  0.039  0.136  0.110  0.409  0.296  0.313  0.115
 1943     99     97     98     97     97     99     99    100    100     99    100    100
 1944  0.594  0.316  0.199  0.094  0.217  0.097  0.110  0.162  0.265  0.404  0.165  0.060  0.224
 1944    100    100    100    100    100    100    100    100    100    100    100     98
 1945  0.157 -0.065 -0.020  0.250  0.050  0.096  0.048  0.258  0.153  0.250  0.104 -0.234  0.087
 1945    100    100     99     99     99    100     98     99     97     95     98    100
 1946  0.228  0.018 -0.059  0.192  0.010 -0.122 -0.062 -0.045 -0.041  0.032  0.090 -0.379 -0.012
 1946     96     98     98     95     97     98     97     98     95     96     96     96
 1947 -0.118  0.015  0.167  0.088 -0.058 -0.079 -0.030 -0.044 -0.001  0.376  0.248 -0.051  0.043
 1947     98    100     99     97     96     97     97    100     97     96     96     95
 1948  0.272 -0.177 -0.301  0.021  0.196  0.110  0.027  0.118  0.006  0.108  0.030 -0.421 -0.001
 1948     98     96     96     94     96     96     95     96     98     99     97     97
 1949  0.169 -0.206 -0.034 -0.046 -0.042 -0.211 -0.209  0.017 -0.130  0.073 -0.053 -0.178 -0.071
 1949    100     99    100    100    100    100    100    100    100    100    100    100
 1950 -0.365 -0.377 -0.098 -0.231 -0.076 -0.116 -0.216 -0.181 -0.156 -0.110 -0.342 -0.094 -0.197
 1950    100    100    100    100    100    100    100    100    100     99    100    100
 1951 -0.360 -0.578 -0.232  0.043  0.151  0.062  0.120  0.272  0.353  0.328  0.064  0.348  0.048
 1951    100    100    100    100    100    100    100    100    100    100    100    100
 1952  0.160  0.126 -0.277  0.145  0.176  0.164  0.140  0.104  0.183  0.025 -0.199  0.044  0.066
 1952    100    100    100    100    100    100    100    100    100    100    100    100
 1953  0.172  0.286  0.155  0.459  0.263  0.197  0.187  0.174  0.149  0.221  0.065  0.127  0.205
 1953    100    100    100    100    100    100    100    100    100    100    100    100
 1954 -0.285 -0.038 -0.230 -0.020 -0.101 -0.027 -0.110  0.016  0.056  0.139  0.297 -0.100 -0.034
 1954    100    100    100    100    100    100    100    100    100    100    100    100
 1955  0.393 -0.206 -0.545 -0.211 -0.150 -0.071 -0.113  0.003 -0.067  0.073 -0.341 -0.309 -0.129
 1955    100    100    100    100    100    100    100    100    100    100    100    100
 1956 -0.085 -0.302 -0.339 -0.284 -0.362 -0.254 -0.275 -0.295 -0.367 -0.331 -0.312 -0.183 -0.283
 1956    100    100    100    100    100    100    100    100    100    100    100    100
 1957 -0.213 -0.149 -0.280 -0.107 -0.086  0.036  0.035  0.120  0.072  0.003  0.008  0.134 -0.035
 1957    100    100    100    100    100    100    100    100    100    100    100    100
 1958  0.528  0.191  0.076 -0.040  0.020  0.012 -0.007  0.104  0.008  0.038 -0.042  0.115  0.084
 1958    100    100    100    100    100    100    100    100    100    100    100    100
 1959  0.208  0.097  0.135  0.107 -0.011  0.070 -0.023  0.038  0.090 -0.056 -0.062 -0.017  0.048
 1959    100    100    100    100    100    100    100    100    100    100    100    100
 1960  0.030  0.329 -0.512 -0.234 -0.032  0.106  0.053  0.062  0.083 -0.012 -0.170  0.328  0.003
 1960    100    100    100    100    100    100    100    100    100    100    100    100
 1961  0.062  0.165 -0.017  0.082  0.005  0.094  0.011 -0.010 -0.140 -0.126  0.019 -0.166 -0.002
 1961    100    100    100    100    100    100    100    100    100    100    100    100
 1962  0.187  0.226  0.200  0.140 -0.046 -0.178  0.039 -0.018 -0.079  0.041  0.069  0.050  0.052
 1962    100    100    100    100    100    100    100    100    100    100    100    100
 1963  0.067  0.374 -0.358 -0.046 -0.118 -0.100  0.081  0.143  0.102  0.344  0.356  0.068  0.076
 1963    100    100    100    100    100    100    100    100    100    100    100    100
 1964 -0.073 -0.113 -0.507 -0.403 -0.212 -0.137 -0.176 -0.255 -0.321 -0.329 -0.281 -0.269 -0.256
 1964    100    100    100    100    100    100    100    100    100    100    100    100
 1965 -0.081 -0.433 -0.194 -0.314 -0.221 -0.262 -0.229 -0.217 -0.238 -0.017  0.018 -0.127 -0.193
 1965    100    100    100    100    100    100    100    100    100    100    100    100
 1966 -0.269 -0.091 -0.177 -0.271 -0.148 -0.008  0.031  0.126  0.063 -0.131 -0.048 -0.101 -0.085
 1966    100    100    100    100    100    100    100    100    100    100    100    100
 1967 -0.268 -0.441  0.042  0.008  0.166 -0.080 -0.022 -0.009 -0.063  0.257 -0.050  0.008 -0.038
 1967    100    100    100    100    100    100    100    100    100    100    100    100
 1968 -0.339 -0.210  0.260 -0.096 -0.104 -0.090 -0.142 -0.121 -0.088 -0.067 -0.276 -0.363 -0.136
 1968    100    100    100    100    100    100    100    100    100    100    100    100
 1969 -0.410 -0.477 -0.302 -0.081 -0.004 -0.130 -0.046 -0.038 -0.024 -0.042  0.074  0.293 -0.099
 1969    100    100    100    100    100    100    100    100    100    100    100    100
 1970 -0.043  0.126 -0.183 -0.125 -0.148 -0.092 -0.115 -0.119 -0.107 -0.239 -0.071 -0.353 -0.122
 1970    100    100    100    100    100    100    100    100    100    100    100    100
 1971 -0.196 -0.343 -0.373 -0.278 -0.222 -0.205 -0.199 -0.248 -0.176 -0.209 -0.070 -0.210 -0.227
 1971    100    100    100    100    100    100    100    100    100    100    100    100
 1972 -0.682 -0.560 -0.201 -0.191 -0.228 -0.146 -0.129 -0.097 -0.258 -0.074 -0.264 -0.141 -0.248
 1972    100    100    100    100    100    100    100    100    100    100    100    100
 1973  0.027  0.257  0.134  0.131  0.041  0.099 -0.036 -0.015 -0.121 -0.097 -0.086 -0.065  0.022
 1973    100    100    100    100    100    100    100    100    100    100    100    100
 1974 -0.395 -0.496 -0.163 -0.166 -0.246 -0.223 -0.155 -0.116 -0.152 -0.251 -0.273 -0.338 -0.248
 1974    100    100    100    100    100    100    100    100    100    100    100    100
 1975 -0.032  0.045 -0.002  0.023 -0.047 -0.083 -0.125 -0.150 -0.135 -0.215 -0.343 -0.229 -0.108
 1975    100    100    100    100    100    100    100    100    100    100    100    100
 1976 -0.028 -0.260 -0.448 -0.044 -0.310 -0.229 -0.267 -0.209 -0.091 -0.466 -0.329 -0.310 -0.249
 1976    100    100    100    100    100    100    100    100    100    100    100    100
 1977 -0.110 -0.014  0.053  0.163  0.200  0.222  0.063  0.038  0.144 -0.032  0.233 -0.003  0.080
 1977    100    100    100    100    100    100    100    100    100    100    100    100
 1978  0.122  0.075  0.088  0.038 -0.090 -0.172 -0.105 -0.174 -0.019 -0.047  0.154 -0.020 -0.013
 1978    100    100    100    100    100    100    100    100    100    100    100    100
 1979 -0.014 -0.429 -0.008 -0.201 -0.036  0.033  0.070  0.030  0.157  0.162  0.138  0.441  0.029
 1979    100    100    100    100    100    100    100    100    100    100    100    100
 1980  0.187  0.370 -0.033  0.122  0.193  0.151  0.132  0.114  0.059  0.144  0.139  0.042  0.135
 1980    100    100    100    100    100    100    100    100    100    100    100    100
 1981  0.743  0.562  0.504  0.329  0.156  0.258  0.112  0.167  0.131  0.211  0.318  0.549  0.337
 1981    100    100    100    100    100    100    100    100    100    100    100    100
 1982 -0.160  0.112 -0.122  0.069 -0.002 -0.007  0.019 -0.088  0.033 -0.007 -0.206  0.207 -0.013
 1982    100    100    100    100    100    100    100    100    100    100    100    100
 1983  0.368  0.238  0.223 -0.003 -0.009  0.100  0.195  0.260  0.257  0.092  0.452  0.119  0.191
 1983    100    100    100    100    100    100    100    100    100    100    100    100
 1984  0.195 -0.093  0.076 -0.093  0.182  0.021  0.034  0.025 -0.019  0.003 -0.199 -0.496 -0.030
 1984    100    100    100    100    100    100    100    100    100    100    100    100
 1985  0.049 -0.325 -0.157 -0.165 -0.004  0.031 -0.150 -0.029  0.003 -0.030  0.007  0.091 -0.057
 1985    100    100    100    100    100    100    100    100    100    100    100    100
 1986  0.202  0.289  0.050  0.110  0.113  0.075 -0.043  0.020 -0.015 -0.001 -0.061 -0.037  0.058
 1986    100    100    100    100    100    100    100    100    100    100    100    100
 1987  0.136  0.368 -0.091  0.008  0.186  0.157  0.260  0.291  0.326  0.198  0.025  0.435  0.192
 1987    100    100    100    100    100    100    100    100    100    100    100    100
 1988  0.480  0.363  0.340  0.400  0.332  0.367  0.374  0.242  0.248  0.204  0.033  0.356  0.312
 1988    100    100    100    100    100    100    100    100    100    100    100    100
 1989 -0.083  0.370  0.249  0.259  0.168  0.216  0.295  0.256  0.244  0.240  0.052  0.294  0.213
 1989    100    100    100    100    100    100    100    100    100    100    100    100
 1990  0.307  0.323  0.999  0.669  0.492  0.470  0.322  0.389  0.410  0.443  0.393  0.281  0.458
 1990    100    100    100    100    100    100    100    100    100    100    100    100
 1991  0.454  0.499  0.296  0.538  0.358  0.452  0.454  0.352  0.349  0.312  0.316  0.187  0.381
 1991    100    100    100    100    100    100    100    100    100    100    100    100
 1992  0.476  0.401  0.362  0.067  0.098  0.026 -0.048 -0.060 -0.168 -0.113 -0.091  0.170  0.093
 1992    100    100    100    100    100    100    100    100    100    100    100    100
 1993  0.331  0.486  0.260  0.221  0.248  0.252  0.181  0.056  0.017  0.172 -0.140  0.181  0.189
 1993    100    100    100    100    100    100    100    100    100    100    100    100
 1994  0.270 -0.041  0.335  0.396  0.310  0.369  0.274  0.341  0.329  0.535  0.437  0.272  0.319
 1994    100    100    100    100    100    100    100    100    100    100    100    100
 1995  0.683  1.052  0.472  0.707  0.425  0.566  0.409  0.560  0.467  0.587  0.567  0.265  0.563
 1995    100    100    100    100    100    100    100    100    100    100    100    100
 1996  0.286  0.575  0.285  0.200  0.349  0.259  0.306  0.198  0.113  0.095  0.380  0.375  0.285
 1996    100    100    100    100    100    100    100    100    100    100    100    100
 1997  0.358  0.473  0.599  0.524  0.449  0.560  0.501  0.513  0.549  0.709  0.622  0.465  0.527
 1997    100    100    100    100    100    100    100    100    100    100    100    100
 1998  0.595  0.931  0.628  0.896  0.669  0.750  0.790  0.798  0.643  0.566  0.493  0.744  0.709
 1998    100    100    100    100    100    100    100    100    100    100    100    100
 1999  0.529  0.946  0.195  0.505  0.366  0.328  0.380  0.367  0.429  0.442  0.478  0.655  0.468
 1999    100    100    100    100    100    100    100    100    100    100    100    100
 2000  0.323  0.812  0.722  0.845  0.519  0.426  0.440  0.513  0.399  0.320  0.213  0.238  0.481
 2000    100    100    100    100    100    100    100    100    100    100    100    100
 2001  0.512  0.424  0.663  0.574  0.607  0.515  0.612  0.669  0.572  0.605  0.976  0.738  0.622
 2001    100    100    100    100    100    100    100    100    100    100    100    100
 2002  0.852  0.927  0.979  0.503  0.471  0.646  0.645  0.571  0.628  0.573  0.718  0.450  0.664
 2002    100    100    100    100    100    100    100    100    100    100    100    100
 2003  0.877  0.483  0.557  0.583  0.703  0.528  0.662  0.804  0.785  0.977  0.676  0.934  0.714
 2003    100    100    100    100    100    100    100    100    100    100    100    100
 2004  0.653  0.832  0.724  0.710  0.488  0.453  0.489  0.579  0.616  0.670  0.932  0.406  0.629
 2004    100    100    100    100    100    100    100    100    100    100    100    100
 2005  0.851  0.667  0.808  0.887  0.793  0.783  0.775  0.724  0.879  0.929  1.029  0.814  0.828
 2005    100    100    100    100    100    100    100    100    100    100    100    100
 2006  0.596  0.885  0.707  0.600  0.734  0.778  0.637  0.739  0.801  0.949  0.916  1.104  0.787
 2006    100    100    100    100    100    100    100    100    100    100    100    100
 2007  1.307  0.882  0.794  1.088  0.693  0.646  0.691  0.753  0.684  0.805  0.805  0.752  0.825
 2007    100    100    100    100    100    100    100    100    100    100    100    100
 2008  0.279  0.458  0.966  0.633  0.634  0.618  0.632  0.639  0.630  0.889  0.938  0.651  0.664
 2008    100    100    100    100    100    100    100    100    100    100    100    100
 2009  0.821  0.628  0.482  0.671  0.573  0.666  0.697  0.719  0.854  0.812  0.775  0.683  0.699
 2009    100    100    100    100    100    100    100    100    100    100    100    100
 2010  0.822  0.928  1.038  1.162  0.932  0.870  0.900  0.874  0.695  0.899  1.205  0.615  0.912
 2010    100    100    100    100    100    100    100    100    100    100    100    100
 2011  0.589  0.504  0.800  0.814  0.648  0.759  0.746  0.751  0.726  0.886  0.629  0.793  0.720
 2011    100    100    100    100    100    100    100    100    100    100    100    100
 2012  0.583  0.584  0.518  0.986  0.934  0.937  0.862  0.811  0.859  0.871  0.923  0.447  0.776
 2012    100    100    100    100    100    100    100    100    100    100    100    100
 2013  0.717  0.651  0.755  0.710  0.767  0.754  0.693  0.768  0.750  0.839  1.055  0.792  0.771
 2013    100    100    100    100    100    100    100    100    100    100    100    100
 2014  0.862  0.641  1.038  1.019  0.871  0.837  0.823  0.996  0.921  0.982  0.824  1.015  0.902
 2014    100    100    100    100    100    100    100    100    100    100    100    100
 2015  1.056  1.054  1.101  0.968  1.007  1.064  0.955  1.067  1.205  1.275  1.317  1.399  1.122
 2015    100    100    100    100    100    100    100    100    100    100    100    100
 2016  1.478  1.735  1.627  1.399  1.107  1.140  1.034  1.123  1.203  1.011  1.045  1.024  1.244
 2016    100    100    100    100    100    100    100    100    100    100    100    100
 2017  1.292  1.396  1.387  1.161  0.878  0.892  0.962  1.047  0.968  0.980  1.086  1.227  1.106
 2017    100    100    100    100    100    100    100    100    100    100    100    100
 2018  0.993  1.113  1.009  0.942  0.852  0.868  0.860  0.872  0.895  1.126  0.878  1.008  0.952
 2018    100    100    100    100    100    100    100    100    100    100    100    100
 2019  0.997  0.979  1.398  1.174  0.988  1.133  1.071  1.142  1.234  1.296  1.122  1.301  1.153
 2019    100    100    100    100    100    100    100    100    100    100    100    100
 2020  1.424  1.599  1.517  1.328  1.204  1.112  1.126  1.128  1.178  1.158  1.432  1.115  1.277
 2020    100    100    100    100    100    100    100    100    100    100    100    100
 2021  1.135  0.862  1.048  1.150  1.044  1.126  1.080  1.039  1.066  1.260  1.234  1.030  1.089
 2021    100    100    100    100    100    100    100    100    100    100    100    100
 2022  1.121  1.045  1.256  1.071  0.994  1.093  1.016  1.178  1.157  1.304  1.007  1.025  1.106
 2022    100    100    100    100    100    100    100    100    100    100    100    100
 2023  1.125  1.146  1.467  0.955  1.084  1.194  1.432  1.534  1.671  1.816  1.861  1.771  1.421
 2023    100    100    100    100    100    100    100    100    100    100    100    100
 2024  1.511  1.696  1.536  1.670  1.349  1.429  1.372  1.404  1.508  1.587  1.704  1.570  1.528
 2024    100    100    100    100    100    100    100    100    100    100    100    100
 2025  1.655  1.429  1.516  1.436  1.170  1.068  1.145  1.179  1.324  1.341  1.471  1.227  1.330
 2025     99    100    100    100    100    100    100    100    100    100    100    100
 2026  1.288  1.321  1.252  1.206  1.234  1.402  1.444 -9.999 -9.999 -9.999 -9.999 -9.999  1.307
 2026    100    100     98    100    100    100    100      0      0      0      0      0
